-3.01952	-2.88068	13.20000
-2.84850	-2.88068	13.20000
-2.67748	-2.88068	13.20000
-2.50647	-2.88068	13.20000
-2.33545	-2.88068	12.10000
-2.16444	-2.88068	12.10000
-1.99342	-2.88068	13.20000
-1.82240	-2.88068	13.20000
-1.65139	-2.88068	13.20000
-1.48037	-2.88068	13.20000
-1.30935	-2.88068	13.20000
-1.13834	-2.88068	13.20000
-0.96732	-2.88068	13.20000
-0.79630	-2.88068	13.20000
-0.62529	-2.88068	13.20000
-0.45427	-2.88068	13.20000
-0.28325	-2.88068	13.20000
-0.11224	-2.88068	13.20000
0.05878	-2.88068	13.20000
0.22979	-2.88068	13.20000
0.40081	-2.88068	13.20000
0.57183	-2.88068	13.20000
0.74284	-2.88068	13.20000
0.91386	-2.88068	13.20000
1.08488	-2.88068	13.20000
1.25589	-2.88068	13.20000
1.42691	-2.88068	13.20000
1.59792	-2.88068	13.20000
1.76894	-2.88068	13.20000
1.93996	-2.88068	13.20000
2.11097	-2.88068	13.20000
2.28199	-2.88068	13.20000
-3.01952	-2.71677	13.20000
-2.84850	-2.71677	13.20000
-2.67748	-2.71677	13.20000
-2.50647	-2.71677	13.20000
-2.33545	-2.71677	13.20000
-2.16444	-2.71677	12.10000
-1.99342	-2.71677	8.81000
-1.82240	-2.71677	12.10000
-1.65139	-2.71677	13.20000
-1.48037	-2.71677	13.20000
-1.30935	-2.71677	13.20000
-1.13834	-2.71677	13.20000
-0.96732	-2.71677	13.20000
-0.79630	-2.71677	13.20000
-0.62529	-2.71677	13.20000
-0.45427	-2.71677	13.20000
-0.28325	-2.71677	13.20000
-0.11224	-2.71677	13.20000
0.05878	-2.71677	13.20000
0.22979	-2.71677	13.20000
0.40081	-2.71677	13.20000
0.57183	-2.71677	13.20000
0.74284	-2.71677	13.20000
0.91386	-2.71677	13.20000
1.08488	-2.71677	13.20000
1.25589	-2.71677	13.20000
1.42691	-2.71677	13.20000
1.59792	-2.71677	13.20000
1.76894	-2.71677	13.20000
1.93996	-2.71677	13.20000
2.11097	-2.71677	13.20000
2.28199	-2.71677	13.20000
-3.01952	-2.55287	13.20000
-2.84850	-2.55287	12.10000
-2.67748	-2.55287	13.20000
-2.50647	-2.55287	12.10000
-2.33545	-2.55287	7.71000
-2.16444	-2.55287	6.61000
-1.99342	-2.55287	6.61000
-1.82240	-2.55287	7.16000
-1.65139	-2.55287	10.50000
-1.48037	-2.55287	12.10000
-1.30935	-2.55287	13.20000
-1.13834	-2.55287	13.20000
-0.96732	-2.55287	13.20000
-0.79630	-2.55287	13.20000
-0.62529	-2.55287	13.20000
-0.45427	-2.55287	13.20000
-0.28325	-2.55287	13.20000
-0.11224	-2.55287	13.20000
0.05878	-2.55287	13.20000
0.22979	-2.55287	13.20000
0.40081	-2.55287	13.20000
0.57183	-2.55287	13.20000
0.74284	-2.55287	13.20000
0.91386	-2.55287	13.20000
1.08488	-2.55287	13.20000
1.25589	-2.55287	13.20000
1.42691	-2.55287	13.20000
1.59792	-2.55287	13.20000
1.76894	-2.55287	13.20000
1.93996	-2.55287	13.20000
2.11097	-2.55287	13.20000
2.28199	-2.55287	13.20000
-3.01952	-2.38897	10.50000
-2.84850	-2.38897	8.81000
-2.67748	-2.38897	8.26000
-2.50647	-2.38897	8.26000
-2.33545	-2.38897	7.16000
-2.16444	-2.38897	6.61000
-1.99342	-2.38897	4.40000
-1.82240	-2.38897	4.96000
-1.65139	-2.38897	8.81000
-1.48037	-2.38897	10.50000
-1.30935	-2.38897	13.20000
-1.13834	-2.38897	13.20000
-0.96732	-2.38897	13.20000
-0.79630	-2.38897	13.20000
-0.62529	-2.38897	13.20000
-0.45427	-2.38897	13.20000
-0.28325	-2.38897	13.20000
-0.11224	-2.38897	13.20000
0.05878	-2.38897	13.20000
0.22979	-2.38897	13.20000
0.40081	-2.38897	13.20000
0.57183	-2.38897	13.20000
0.74284	-2.38897	13.20000
0.91386	-2.38897	13.20000
1.08488	-2.38897	13.20000
1.25589	-2.38897	13.20000
1.42691	-2.38897	13.20000
1.59792	-2.38897	13.20000
1.76894	-2.38897	13.20000
1.93996	-2.38897	13.20000
2.11097	-2.38897	13.20000
2.28199	-2.38897	13.20000
-3.01952	-2.22506	9.36000
-2.84850	-2.22506	8.26000
-2.67748	-2.22506	7.16000
-2.50647	-2.22506	4.96000
-2.33545	-2.22506	4.96000
-2.16444	-2.22506	4.40000
-1.99342	-2.22506	4.40000
-1.82240	-2.22506	4.40000
-1.65139	-2.22506	6.06000
-1.48037	-2.22506	9.36000
-1.30935	-2.22506	12.10000
-1.13834	-2.22506	13.20000
-0.96732	-2.22506	13.20000
-0.79630	-2.22506	13.20000
-0.62529	-2.22506	13.20000
-0.45427	-2.22506	13.20000
-0.28325	-2.22506	13.20000
-0.11224	-2.22506	13.20000
0.05878	-2.22506	13.20000
0.22979	-2.22506	13.20000
0.40081	-2.22506	13.20000
0.57183	-2.22506	13.20000
0.74284	-2.22506	13.20000
0.91386	-2.22506	13.20000
1.08488	-2.22506	13.20000
1.25589	-2.22506	13.20000
1.42691	-2.22506	13.20000
1.59792	-2.22506	13.20000
1.76894	-2.22506	13.20000
1.93996	-2.22506	13.20000
2.11097	-2.22506	13.20000
2.28199	-2.22506	13.20000
-3.01952	-2.06116	12.10000
-2.84850	-2.06116	10.50000
-2.67748	-2.06116	7.16000
-2.50647	-2.06116	4.40000
-2.33545	-2.06116	3.30000
-2.16444	-2.06116	4.40000
-1.99342	-2.06116	4.40000
-1.82240	-2.06116	5.51000
-1.65139	-2.06116	6.06000
-1.48037	-2.06116	7.71000
-1.30935	-2.06116	13.20000
-1.13834	-2.06116	13.20000
-0.96732	-2.06116	13.20000
-0.79630	-2.06116	13.20000
-0.62529	-2.06116	13.20000
-0.45427	-2.06116	13.20000
-0.28325	-2.06116	13.20000
-0.11224	-2.06116	13.20000
0.05878	-2.06116	13.20000
0.22979	-2.06116	13.20000
0.40081	-2.06116	13.20000
0.57183	-2.06116	12.10000
0.74284	-2.06116	12.10000
0.91386	-2.06116	12.10000
1.08488	-2.06116	8.26000
1.25589	-2.06116	10.50000
1.42691	-2.06116	12.10000
1.59792	-2.06116	13.20000
1.76894	-2.06116	13.20000
1.93996	-2.06116	13.20000
2.11097	-2.06116	13.20000
2.28199	-2.06116	13.20000
-3.01952	-1.89725	13.20000
-2.84850	-1.89725	13.20000
-2.67748	-1.89725	7.16000
-2.50647	-1.89725	4.40000
-2.33545	-1.89725	3.30000
-2.16444	-1.89725	3.85000
-1.99342	-1.89725	4.40000
-1.82240	-1.89725	3.30000
-1.65139	-1.89725	4.40000
-1.48037	-1.89725	7.16000
-1.30935	-1.89725	10.50000
-1.13834	-1.89725	13.20000
-0.96732	-1.89725	13.20000
-0.79630	-1.89725	13.20000
-0.62529	-1.89725	13.20000
-0.45427	-1.89725	13.20000
-0.28325	-1.89725	13.20000
-0.11224	-1.89725	13.20000
0.05878	-1.89725	13.20000
0.22979	-1.89725	13.20000
0.40081	-1.89725	13.20000
0.57183	-1.89725	10.50000
0.74284	-1.89725	6.06000
0.91386	-1.89725	4.96000
1.08488	-1.89725	4.96000
1.25589	-1.89725	6.61000
1.42691	-1.89725	12.10000
1.59792	-1.89725	13.20000
1.76894	-1.89725	13.20000
1.93996	-1.89725	13.20000
2.11097	-1.89725	13.20000
2.28199	-1.89725	13.20000
-3.01952	-1.73335	13.20000
-2.84850	-1.73335	13.20000
-2.67748	-1.73335	9.36000
-2.50647	-1.73335	6.61000
-2.33545	-1.73335	6.06000
-2.16444	-1.73335	4.40000
-1.99342	-1.73335	3.30000
-1.82240	-1.73335	2.20000
-1.65139	-1.73335	3.85000
-1.48037	-1.73335	4.40000
-1.30935	-1.73335	7.16000
-1.13834	-1.73335	10.50000
-0.96732	-1.73335	13.20000
-0.79630	-1.73335	13.20000
-0.62529	-1.73335	13.20000
-0.45427	-1.73335	13.20000
-0.28325	-1.73335	13.20000
-0.11224	-1.73335	13.20000
0.05878	-1.73335	13.20000
0.22979	-1.73335	13.20000
0.40081	-1.73335	13.20000
0.57183	-1.73335	6.61000
0.74284	-1.73335	6.06000
0.91386	-1.73335	2.75000
1.08488	-1.73335	2.75000
1.25589	-1.73335	4.40000
1.42691	-1.73335	6.61000
1.59792	-1.73335	8.81000
1.76894	-1.73335	13.20000
1.93996	-1.73335	13.20000
2.11097	-1.73335	13.20000
2.28199	-1.73335	13.20000
-3.01952	-1.56945	13.20000
-2.84850	-1.56945	13.20000
-2.67748	-1.56945	13.20000
-2.50647	-1.56945	10.50000
-2.33545	-1.56945	6.61000
-2.16444	-1.56945	4.40000
-1.99342	-1.56945	2.75000
-1.82240	-1.56945	2.75000
-1.65139	-1.56945	4.40000
-1.48037	-1.56945	5.51000
-1.30935	-1.56945	7.16000
-1.13834	-1.56945	13.20000
-0.96732	-1.56945	13.20000
-0.79630	-1.56945	13.20000
-0.62529	-1.56945	13.20000
-0.45427	-1.56945	13.20000
-0.28325	-1.56945	13.20000
-0.11224	-1.56945	13.20000
0.05878	-1.56945	13.20000
0.22979	-1.56945	13.20000
0.40081	-1.56945	13.20000
0.57183	-1.56945	10.50000
0.74284	-1.56945	3.85000
0.91386	-1.56945	2.20000
1.08488	-1.56945	1.65000
1.25589	-1.56945	2.75000
1.42691	-1.56945	4.96000
1.59792	-1.56945	9.36000
1.76894	-1.56945	12.10000
1.93996	-1.56945	13.20000
2.11097	-1.56945	13.20000
2.28199	-1.56945	13.20000
-3.01952	-1.40554	13.20000
-2.84850	-1.40554	13.20000
-2.67748	-1.40554	13.20000
-2.50647	-1.40554	13.20000
-2.33545	-1.40554	9.36000
-2.16444	-1.40554	5.51000
-1.99342	-1.40554	4.40000
-1.82240	-1.40554	3.30000
-1.65139	-1.40554	6.61000
-1.48037	-1.40554	6.06000
-1.30935	-1.40554	8.26000
-1.13834	-1.40554	12.10000
-0.96732	-1.40554	13.20000
-0.79630	-1.40554	13.20000
-0.62529	-1.40554	13.20000
-0.45427	-1.40554	13.20000
-0.28325	-1.40554	13.20000
-0.11224	-1.40554	13.20000
0.05878	-1.40554	13.20000
0.22979	-1.40554	13.20000
0.40081	-1.40554	13.20000
0.57183	-1.40554	10.50000
0.74284	-1.40554	6.06000
0.91386	-1.40554	2.75000
1.08488	-1.40554	1.10000
1.25589	-1.40554	1.65000
1.42691	-1.40554	4.40000
1.59792	-1.40554	6.06000
1.76894	-1.40554	12.10000
1.93996	-1.40554	13.20000
2.11097	-1.40554	13.20000
2.28199	-1.40554	13.20000
-3.01952	-1.24164	13.20000
-2.84850	-1.24164	13.20000
-2.67748	-1.24164	13.20000
-2.50647	-1.24164	13.20000
-2.33545	-1.24164	10.50000
-2.16444	-1.24164	7.16000
-1.99342	-1.24164	4.40000
-1.82240	-1.24164	6.06000
-1.65139	-1.24164	9.36000
-1.48037	-1.24164	8.26000
-1.30935	-1.24164	8.81000
-1.13834	-1.24164	13.20000
-0.96732	-1.24164	13.20000
-0.79630	-1.24164	13.20000
-0.62529	-1.24164	13.20000
-0.45427	-1.24164	13.20000
-0.28325	-1.24164	13.20000
-0.11224	-1.24164	13.20000
0.05878	-1.24164	13.20000
0.22979	-1.24164	13.20000
0.40081	-1.24164	13.20000
0.57183	-1.24164	13.20000
0.74284	-1.24164	6.06000
0.91386	-1.24164	3.30000
1.08488	-1.24164	1.65000
1.25589	-1.24164	0.55100
1.42691	-1.24164	2.20000
1.59792	-1.24164	5.51000
1.76894	-1.24164	8.26000
1.93996	-1.24164	12.10000
2.11097	-1.24164	13.20000
2.28199	-1.24164	13.20000
-3.01952	-1.07773	13.20000
-2.84850	-1.07773	13.20000
-2.67748	-1.07773	10.50000
-2.50647	-1.07773	10.50000
-2.33545	-1.07773	6.06000
-2.16444	-1.07773	7.16000
-1.99342	-1.07773	6.06000
-1.82240	-1.07773	8.81000
-1.65139	-1.07773	10.50000
-1.48037	-1.07773	10.50000
-1.30935	-1.07773	9.36000
-1.13834	-1.07773	13.20000
-0.96732	-1.07773	13.20000
-0.79630	-1.07773	13.20000
-0.62529	-1.07773	13.20000
-0.45427	-1.07773	13.20000
-0.28325	-1.07773	13.20000
-0.11224	-1.07773	13.20000
0.05878	-1.07773	13.20000
0.22979	-1.07773	13.20000
0.40081	-1.07773	13.20000
0.57183	-1.07773	12.10000
0.74284	-1.07773	10.50000
0.91386	-1.07773	4.40000
1.08488	-1.07773	3.30000
1.25589	-1.07773	2.20000
1.42691	-1.07773	2.20000
1.59792	-1.07773	3.30000
1.76894	-1.07773	7.16000
1.93996	-1.07773	13.20000
2.11097	-1.07773	13.20000
2.28199	-1.07773	13.20000
-3.01952	-0.91383	13.20000
-2.84850	-0.91383	13.20000
-2.67748	-0.91383	12.10000
-2.50647	-0.91383	8.81000
-2.33545	-0.91383	4.40000
-2.16444	-0.91383	4.40000
-1.99342	-0.91383	4.40000
-1.82240	-0.91383	6.06000
-1.65139	-0.91383	8.26000
-1.48037	-0.91383	12.10000
-1.30935	-0.91383	9.36000
-1.13834	-0.91383	13.20000
-0.96732	-0.91383	13.20000
-0.79630	-0.91383	13.20000
-0.62529	-0.91383	13.20000
-0.45427	-0.91383	13.20000
-0.28325	-0.91383	13.20000
-0.11224	-0.91383	13.20000
0.05878	-0.91383	13.20000
0.22979	-0.91383	13.20000
0.40081	-0.91383	12.10000
0.57183	-0.91383	13.20000
0.74284	-0.91383	10.50000
0.91386	-0.91383	7.71000
1.08488	-0.91383	6.61000
1.25589	-0.91383	3.85000
1.42691	-0.91383	3.30000
1.59792	-0.91383	3.30000
1.76894	-0.91383	7.16000
1.93996	-0.91383	9.36000
2.11097	-0.91383	12.10000
2.28199	-0.91383	13.20000
-3.01952	-0.74993	13.20000
-2.84850	-0.74993	12.10000
-2.67748	-0.74993	10.50000
-2.50647	-0.74993	8.26000
-2.33545	-0.74993	3.85000
-2.16444	-0.74993	2.20000
-1.99342	-0.74993	3.85000
-1.82240	-0.74993	4.40000
-1.65139	-0.74993	5.51000
-1.48037	-0.74993	7.71000
-1.30935	-0.74993	13.20000
-1.13834	-0.74993	13.20000
-0.96732	-0.74993	13.20000
-0.79630	-0.74993	13.20000
-0.62529	-0.74993	13.20000
-0.45427	-0.74993	13.20000
-0.28325	-0.74993	13.20000
-0.11224	-0.74993	13.20000
0.05878	-0.74993	13.20000
0.22979	-0.74993	12.10000
0.40081	-0.74993	13.20000
0.57183	-0.74993	12.10000
0.74284	-0.74993	13.20000
0.91386	-0.74993	10.50000
1.08488	-0.74993	10.50000
1.25589	-0.74993	4.96000
1.42691	-0.74993	2.20000
1.59792	-0.74993	2.20000
1.76894	-0.74993	3.85000
1.93996	-0.74993	6.06000
2.11097	-0.74993	12.10000
2.28199	-0.74993	13.20000
-3.01952	-0.58602	13.20000
-2.84850	-0.58602	13.20000
-2.67748	-0.58602	12.10000
-2.50647	-0.58602	7.16000
-2.33545	-0.58602	4.40000
-2.16444	-0.58602	2.75000
-1.99342	-0.58602	3.30000
-1.82240	-0.58602	3.85000
-1.65139	-0.58602	6.06000
-1.48037	-0.58602	9.36000
-1.30935	-0.58602	13.20000
-1.13834	-0.58602	13.20000
-0.96732	-0.58602	13.20000
-0.79630	-0.58602	13.20000
-0.62529	-0.58602	13.20000
-0.45427	-0.58602	13.20000
-0.28325	-0.58602	12.10000
-0.11224	-0.58602	12.10000
0.05878	-0.58602	13.20000
0.22979	-0.58602	10.50000
0.40081	-0.58602	8.81000
0.57183	-0.58602	6.61000
0.74284	-0.58602	7.16000
0.91386	-0.58602	7.16000
1.08488	-0.58602	4.96000
1.25589	-0.58602	2.75000
1.42691	-0.58602	2.20000
1.59792	-0.58602	1.10000
1.76894	-0.58602	2.75000
1.93996	-0.58602	6.06000
2.11097	-0.58602	8.81000
2.28199	-0.58602	13.20000
-3.01952	-0.42212	13.20000
-2.84850	-0.42212	13.20000
-2.67748	-0.42212	10.50000
-2.50647	-0.42212	7.71000
-2.33545	-0.42212	5.51000
-2.16444	-0.42212	3.85000
-1.99342	-0.42212	4.40000
-1.82240	-0.42212	6.61000
-1.65139	-0.42212	7.71000
-1.48037	-0.42212	7.16000
-1.30935	-0.42212	13.20000
-1.13834	-0.42212	13.20000
-0.96732	-0.42212	13.20000
-0.79630	-0.42212	13.20000
-0.62529	-0.42212	13.20000
-0.45427	-0.42212	13.20000
-0.28325	-0.42212	12.10000
-0.11224	-0.42212	10.50000
0.05878	-0.42212	12.10000
0.22979	-0.42212	7.71000
0.40081	-0.42212	10.50000
0.57183	-0.42212	7.71000
0.74284	-0.42212	5.51000
0.91386	-0.42212	4.96000
1.08488	-0.42212	3.30000
1.25589	-0.42212	2.20000
1.42691	-0.42212	1.65000
1.59792	-0.42212	1.10000
1.76894	-0.42212	1.10000
1.93996	-0.42212	3.85000
2.11097	-0.42212	10.50000
2.28199	-0.42212	13.20000
-3.01952	-0.25821	13.20000
-2.84850	-0.25821	13.20000
-2.67748	-0.25821	13.20000
-2.50647	-0.25821	8.81000
-2.33545	-0.25821	6.06000
-2.16444	-0.25821	5.51000
-1.99342	-0.25821	6.06000
-1.82240	-0.25821	10.50000
-1.65139	-0.25821	9.36000
-1.48037	-0.25821	8.26000
-1.30935	-0.25821	13.20000
-1.13834	-0.25821	13.20000
-0.96732	-0.25821	13.20000
-0.79630	-0.25821	13.20000
-0.62529	-0.25821	12.10000
-0.45427	-0.25821	13.20000
-0.28325	-0.25821	9.36000
-0.11224	-0.25821	6.61000
0.05878	-0.25821	6.61000
0.22979	-0.25821	7.71000
0.40081	-0.25821	8.26000
0.57183	-0.25821	5.51000
0.74284	-0.25821	4.40000
0.91386	-0.25821	3.85000
1.08488	-0.25821	2.20000
1.25589	-0.25821	1.10000
1.42691	-0.25821	1.10000
1.59792	-0.25821	0.55100
1.76894	-0.25821	1.10000
1.93996	-0.25821	3.85000
2.11097	-0.25821	8.81000
2.28199	-0.25821	12.10000
-3.01952	-0.09431	13.20000
-2.84850	-0.09431	13.20000
-2.67748	-0.09431	12.10000
-2.50647	-0.09431	6.61000
-2.33545	-0.09431	8.81000
-2.16444	-0.09431	8.81000
-1.99342	-0.09431	7.71000
-1.82240	-0.09431	6.61000
-1.65139	-0.09431	8.26000
-1.48037	-0.09431	8.26000
-1.30935	-0.09431	10.50000
-1.13834	-0.09431	13.20000
-0.96732	-0.09431	13.20000
-0.79630	-0.09431	13.20000
-0.62529	-0.09431	12.10000
-0.45427	-0.09431	13.20000
-0.28325	-0.09431	8.81000
-0.11224	-0.09431	7.16000
0.05878	-0.09431	7.71000
0.22979	-0.09431	6.06000
0.40081	-0.09431	10.50000
0.57183	-0.09431	7.16000
0.74284	-0.09431	4.40000
0.91386	-0.09431	3.30000
1.08488	-0.09431	1.65000
1.25589	-0.09431	1.10000
1.42691	-0.09431	1.65000
1.59792	-0.09431	1.65000
1.76894	-0.09431	1.65000
1.93996	-0.09431	3.85000
2.11097	-0.09431	7.71000
2.28199	-0.09431	10.50000
-3.01952	0.06959	13.20000
-2.84850	0.06959	13.20000
-2.67748	0.06959	10.50000
-2.50647	0.06959	12.10000
-2.33545	0.06959	10.50000
-2.16444	0.06959	9.36000
-1.99342	0.06959	6.61000
-1.82240	0.06959	5.51000
-1.65139	0.06959	5.51000
-1.48037	0.06959	6.61000
-1.30935	0.06959	9.36000
-1.13834	0.06959	10.50000
-0.96732	0.06959	13.20000
-0.79630	0.06959	13.20000
-0.62529	0.06959	13.20000
-0.45427	0.06959	12.10000
-0.28325	0.06959	7.71000
-0.11224	0.06959	7.16000
0.05878	0.06959	4.40000
0.22979	0.06959	4.96000
0.40081	0.06959	6.06000
0.57183	0.06959	6.06000
0.74284	0.06959	4.96000
0.91386	0.06959	3.30000
1.08488	0.06959	2.75000
1.25589	0.06959	2.20000
1.42691	0.06959	2.75000
1.59792	0.06959	2.75000
1.76894	0.06959	3.85000
1.93996	0.06959	5.51000
2.11097	0.06959	9.36000
2.28199	0.06959	13.20000
-3.01952	0.23350	13.20000
-2.84850	0.23350	13.20000
-2.67748	0.23350	13.20000
-2.50647	0.23350	13.20000
-2.33545	0.23350	12.10000
-2.16444	0.23350	9.36000
-1.99342	0.23350	6.06000
-1.82240	0.23350	4.40000
-1.65139	0.23350	4.96000
-1.48037	0.23350	4.96000
-1.30935	0.23350	4.40000
-1.13834	0.23350	6.06000
-0.96732	0.23350	8.81000
-0.79630	0.23350	9.36000
-0.62529	0.23350	10.50000
-0.45427	0.23350	8.26000
-0.28325	0.23350	7.16000
-0.11224	0.23350	4.40000
0.05878	0.23350	3.85000
0.22979	0.23350	6.06000
0.40081	0.23350	6.61000
0.57183	0.23350	4.40000
0.74284	0.23350	4.40000
0.91386	0.23350	4.40000
1.08488	0.23350	4.40000
1.25589	0.23350	4.40000
1.42691	0.23350	7.71000
1.59792	0.23350	7.16000
1.76894	0.23350	7.16000
1.93996	0.23350	9.36000
2.11097	0.23350	12.10000
2.28199	0.23350	13.20000
-3.01952	0.39740	13.20000
-2.84850	0.39740	13.20000
-2.67748	0.39740	13.20000
-2.50647	0.39740	13.20000
-2.33545	0.39740	12.10000
-2.16444	0.39740	9.36000
-1.99342	0.39740	7.16000
-1.82240	0.39740	5.51000
-1.65139	0.39740	4.40000
-1.48037	0.39740	4.96000
-1.30935	0.39740	4.40000
-1.13834	0.39740	4.96000
-0.96732	0.39740	6.06000
-0.79630	0.39740	6.06000
-0.62529	0.39740	7.16000
-0.45427	0.39740	7.16000
-0.28325	0.39740	6.06000
-0.11224	0.39740	4.40000
0.05878	0.39740	4.96000
0.22979	0.39740	6.61000
0.40081	0.39740	6.06000
0.57183	0.39740	3.30000
0.74284	0.39740	4.96000
0.91386	0.39740	6.06000
1.08488	0.39740	5.51000
1.25589	0.39740	7.71000
1.42691	0.39740	7.71000
1.59792	0.39740	9.36000
1.76894	0.39740	13.20000
1.93996	0.39740	13.20000
2.11097	0.39740	13.20000
2.28199	0.39740	13.20000
-3.01952	0.56131	13.20000
-2.84850	0.56131	13.20000
-2.67748	0.56131	13.20000
-2.50647	0.56131	13.20000
-2.33545	0.56131	13.20000
-2.16444	0.56131	13.20000
-1.99342	0.56131	10.50000
-1.82240	0.56131	7.16000
-1.65139	0.56131	3.85000
-1.48037	0.56131	3.30000
-1.30935	0.56131	2.20000
-1.13834	0.56131	3.30000
-0.96732	0.56131	4.40000
-0.79630	0.56131	5.51000
-0.62529	0.56131	7.16000
-0.45427	0.56131	4.96000
-0.28325	0.56131	5.51000
-0.11224	0.56131	3.85000
0.05878	0.56131	3.30000
0.22979	0.56131	4.40000
0.40081	0.56131	4.40000
0.57183	0.56131	5.51000
0.74284	0.56131	3.85000
0.91386	0.56131	5.51000
1.08488	0.56131	9.36000
1.25589	0.56131	13.20000
1.42691	0.56131	13.20000
1.59792	0.56131	12.10000
1.76894	0.56131	13.20000
1.93996	0.56131	13.20000
2.11097	0.56131	13.20000
2.28199	0.56131	13.20000
-3.01952	0.72521	13.20000
-2.84850	0.72521	13.20000
-2.67748	0.72521	13.20000
-2.50647	0.72521	13.20000
-2.33545	0.72521	13.20000
-2.16444	0.72521	13.20000
-1.99342	0.72521	13.20000
-1.82240	0.72521	8.26000
-1.65139	0.72521	4.96000
-1.48037	0.72521	3.30000
-1.30935	0.72521	1.65000
-1.13834	0.72521	2.20000
-0.96732	0.72521	2.20000
-0.79630	0.72521	2.75000
-0.62529	0.72521	2.75000
-0.45427	0.72521	2.75000
-0.28325	0.72521	2.75000
-0.11224	0.72521	3.30000
0.05878	0.72521	3.85000
0.22979	0.72521	3.85000
0.40081	0.72521	5.51000
0.57183	0.72521	5.51000
0.74284	0.72521	5.51000
0.91386	0.72521	8.26000
1.08488	0.72521	12.10000
1.25589	0.72521	13.20000
1.42691	0.72521	13.20000
1.59792	0.72521	13.20000
1.76894	0.72521	13.20000
1.93996	0.72521	13.20000
2.11097	0.72521	13.20000
2.28199	0.72521	13.20000
-3.01952	0.88911	13.20000
-2.84850	0.88911	13.20000
-2.67748	0.88911	13.20000
-2.50647	0.88911	13.20000
-2.33545	0.88911	13.20000
-2.16444	0.88911	13.20000
-1.99342	0.88911	13.20000
-1.82240	0.88911	8.81000
-1.65139	0.88911	5.51000
-1.48037	0.88911	4.40000
-1.30935	0.88911	2.75000
-1.13834	0.88911	2.20000
-0.96732	0.88911	1.65000
-0.79630	0.88911	2.20000
-0.62529	0.88911	1.65000
-0.45427	0.88911	1.65000
-0.28325	0.88911	1.10000
-0.11224	0.88911	2.20000
0.05878	0.88911	3.30000
0.22979	0.88911	5.51000
0.40081	0.88911	7.16000
0.57183	0.88911	9.36000
0.74284	0.88911	7.71000
0.91386	0.88911	8.81000
1.08488	0.88911	12.10000
1.25589	0.88911	13.20000
1.42691	0.88911	13.20000
1.59792	0.88911	13.20000
1.76894	0.88911	13.20000
1.93996	0.88911	13.20000
2.11097	0.88911	13.20000
2.28199	0.88911	13.20000
-3.01952	1.05302	13.20000
-2.84850	1.05302	13.20000
-2.67748	1.05302	13.20000
-2.50647	1.05302	13.20000
-2.33545	1.05302	13.20000
-2.16444	1.05302	13.20000
-1.99342	1.05302	13.20000
-1.82240	1.05302	13.20000
-1.65139	1.05302	7.71000
-1.48037	1.05302	6.61000
-1.30935	1.05302	4.40000
-1.13834	1.05302	2.75000
-0.96732	1.05302	3.30000
-0.79630	1.05302	1.65000
-0.62529	1.05302	1.10000
-0.45427	1.05302	1.10000
-0.28325	1.05302	0.55100
-0.11224	1.05302	1.10000
0.05878	1.05302	3.30000
0.22979	1.05302	8.81000
0.40081	1.05302	10.50000
0.57183	1.05302	13.20000
0.74284	1.05302	13.20000
0.91386	1.05302	13.20000
1.08488	1.05302	13.20000
1.25589	1.05302	13.20000
1.42691	1.05302	13.20000
1.59792	1.05302	13.20000
1.76894	1.05302	13.20000
1.93996	1.05302	13.20000
2.11097	1.05302	13.20000
2.28199	1.05302	13.20000
-3.01952	1.21692	13.20000
-2.84850	1.21692	13.20000
-2.67748	1.21692	13.20000
-2.50647	1.21692	13.20000
-2.33545	1.21692	13.20000
-2.16444	1.21692	13.20000
-1.99342	1.21692	13.20000
-1.82240	1.21692	13.20000
-1.65139	1.21692	10.50000
-1.48037	1.21692	8.26000
-1.30935	1.21692	6.61000
-1.13834	1.21692	5.51000
-0.96732	1.21692	4.40000
-0.79630	1.21692	2.75000
-0.62529	1.21692	2.20000
-0.45427	1.21692	1.10000
-0.28325	1.21692	1.10000
-0.11224	1.21692	1.65000
0.05878	1.21692	3.85000
0.22979	1.21692	6.61000
0.40081	1.21692	13.20000
0.57183	1.21692	13.20000
0.74284	1.21692	13.20000
0.91386	1.21692	13.20000
1.08488	1.21692	13.20000
1.25589	1.21692	13.20000
1.42691	1.21692	13.20000
1.59792	1.21692	13.20000
1.76894	1.21692	13.20000
1.93996	1.21692	13.20000
2.11097	1.21692	13.20000
2.28199	1.21692	13.20000
-3.01952	1.38082	13.20000
-2.84850	1.38082	13.20000
-2.67748	1.38082	13.20000
-2.50647	1.38082	13.20000
-2.33545	1.38082	13.20000
-2.16444	1.38082	13.20000
-1.99342	1.38082	13.20000
-1.82240	1.38082	13.20000
-1.65139	1.38082	13.20000
-1.48037	1.38082	13.20000
-1.30935	1.38082	12.10000
-1.13834	1.38082	9.36000
-0.96732	1.38082	5.51000
-0.79630	1.38082	3.30000
-0.62529	1.38082	2.20000
-0.45427	1.38082	0.55100
-0.28325	1.38082	0.00000
-0.11224	1.38082	2.20000
0.05878	1.38082	2.75000
0.22979	1.38082	8.26000
0.40081	1.38082	13.20000
0.57183	1.38082	13.20000
0.74284	1.38082	13.20000
0.91386	1.38082	13.20000
1.08488	1.38082	13.20000
1.25589	1.38082	13.20000
1.42691	1.38082	13.20000
1.59792	1.38082	13.20000
1.76894	1.38082	13.20000
1.93996	1.38082	13.20000
2.11097	1.38082	13.20000
2.28199	1.38082	13.20000
-3.01952	1.54473	13.20000
-2.84850	1.54473	13.20000
-2.67748	1.54473	13.20000
-2.50647	1.54473	13.20000
-2.33545	1.54473	13.20000
-2.16444	1.54473	13.20000
-1.99342	1.54473	13.20000
-1.82240	1.54473	13.20000
-1.65139	1.54473	13.20000
-1.48037	1.54473	13.20000
-1.30935	1.54473	12.10000
-1.13834	1.54473	13.20000
-0.96732	1.54473	8.81000
-0.79630	1.54473	6.06000
-0.62529	1.54473	4.40000
-0.45427	1.54473	1.65000
-0.28325	1.54473	1.10000
-0.11224	1.54473	2.20000
0.05878	1.54473	3.30000
0.22979	1.54473	7.71000
0.40081	1.54473	12.10000
0.57183	1.54473	13.20000
0.74284	1.54473	13.20000
0.91386	1.54473	13.20000
1.08488	1.54473	13.20000
1.25589	1.54473	13.20000
1.42691	1.54473	13.20000
1.59792	1.54473	13.20000
1.76894	1.54473	13.20000
1.93996	1.54473	13.20000
2.11097	1.54473	13.20000
2.28199	1.54473	13.20000
-3.01952	1.70863	13.20000
-2.84850	1.70863	13.20000
-2.67748	1.70863	13.20000
-2.50647	1.70863	13.20000
-2.33545	1.70863	13.20000
-2.16444	1.70863	13.20000
-1.99342	1.70863	13.20000
-1.82240	1.70863	13.20000
-1.65139	1.70863	13.20000
-1.48037	1.70863	13.20000
-1.30935	1.70863	13.20000
-1.13834	1.70863	13.20000
-0.96732	1.70863	13.20000
-0.79630	1.70863	9.36000
-0.62529	1.70863	6.06000
-0.45427	1.70863	3.30000
-0.28325	1.70863	2.20000
-0.11224	1.70863	2.75000
0.05878	1.70863	4.40000
0.22979	1.70863	7.71000
0.40081	1.70863	13.20000
0.57183	1.70863	13.20000
0.74284	1.70863	13.20000
0.91386	1.70863	13.20000
1.08488	1.70863	13.20000
1.25589	1.70863	13.20000
1.42691	1.70863	13.20000
1.59792	1.70863	13.20000
1.76894	1.70863	13.20000
1.93996	1.70863	13.20000
2.11097	1.70863	13.20000
2.28199	1.70863	13.20000
-3.01952	1.87254	13.20000
-2.84850	1.87254	13.20000
-2.67748	1.87254	13.20000
-2.50647	1.87254	13.20000
-2.33545	1.87254	13.20000
-2.16444	1.87254	13.20000
-1.99342	1.87254	13.20000
-1.82240	1.87254	13.20000
-1.65139	1.87254	13.20000
-1.48037	1.87254	13.20000
-1.30935	1.87254	13.20000
-1.13834	1.87254	13.20000
-0.96732	1.87254	13.20000
-0.79630	1.87254	12.10000
-0.62529	1.87254	12.10000
-0.45427	1.87254	6.61000
-0.28325	1.87254	4.96000
-0.11224	1.87254	4.40000
0.05878	1.87254	6.06000
0.22979	1.87254	13.20000
0.40081	1.87254	13.20000
0.57183	1.87254	13.20000
0.74284	1.87254	13.20000
0.91386	1.87254	13.20000
1.08488	1.87254	13.20000
1.25589	1.87254	13.20000
1.42691	1.87254	13.20000
1.59792	1.87254	13.20000
1.76894	1.87254	13.20000
1.93996	1.87254	13.20000
2.11097	1.87254	13.20000
2.28199	1.87254	13.20000
-3.01952	2.03644	13.20000
-2.84850	2.03644	13.20000
-2.67748	2.03644	13.20000
-2.50647	2.03644	13.20000
-2.33545	2.03644	13.20000
-2.16444	2.03644	13.20000
-1.99342	2.03644	13.20000
-1.82240	2.03644	13.20000
-1.65139	2.03644	13.20000
-1.48037	2.03644	13.20000
-1.30935	2.03644	13.20000
-1.13834	2.03644	13.20000
-0.96732	2.03644	13.20000
-0.79630	2.03644	13.20000
-0.62529	2.03644	13.20000
-0.45427	2.03644	9.36000
-0.28325	2.03644	7.16000
-0.11224	2.03644	6.06000
0.05878	2.03644	10.50000
0.22979	2.03644	9.36000
0.40081	2.03644	13.20000
0.57183	2.03644	13.20000
0.74284	2.03644	13.20000
0.91386	2.03644	13.20000
1.08488	2.03644	13.20000
1.25589	2.03644	13.20000
1.42691	2.03644	13.20000
1.59792	2.03644	13.20000
1.76894	2.03644	13.20000
1.93996	2.03644	13.20000
2.11097	2.03644	13.20000
2.28199	2.03644	13.20000
-3.01952	2.20034	13.20000
-2.84850	2.20034	13.20000
-2.67748	2.20034	13.20000
-2.50647	2.20034	13.20000
-2.33545	2.20034	13.20000
-2.16444	2.20034	13.20000
-1.99342	2.20034	13.20000
-1.82240	2.20034	13.20000
-1.65139	2.20034	13.20000
-1.48037	2.20034	13.20000
-1.30935	2.20034	13.20000
-1.13834	2.20034	13.20000
-0.96732	2.20034	13.20000
-0.79630	2.20034	13.20000
-0.62529	2.20034	13.20000
-0.45427	2.20034	13.20000
-0.28325	2.20034	8.81000
-0.11224	2.20034	10.50000
0.05878	2.20034	13.20000
0.22979	2.20034	13.20000
0.40081	2.20034	13.20000
0.57183	2.20034	13.20000
0.74284	2.20034	13.20000
0.91386	2.20034	13.20000
1.08488	2.20034	13.20000
1.25589	2.20034	13.20000
1.42691	2.20034	13.20000
1.59792	2.20034	13.20000
1.76894	2.20034	13.20000
1.93996	2.20034	13.20000
2.11097	2.20034	13.20000
2.28199	2.20034	13.20000
