-3.36527	-2.44865	14.10000
-3.12993	-2.44865	14.10000
-2.89460	-2.44865	14.10000
-2.65926	-2.44865	14.10000
-2.42392	-2.44865	14.10000
-2.18858	-2.44865	14.10000
-1.95324	-2.44865	14.10000
-1.71790	-2.44865	14.10000
-1.48256	-2.44865	14.10000
-1.24723	-2.44865	14.10000
-1.01189	-2.44865	12.90000
-0.77655	-2.44865	14.10000
-0.54121	-2.44865	12.90000
-0.30587	-2.44865	14.10000
-0.07053	-2.44865	14.10000
0.16481	-2.44865	12.90000
0.40014	-2.44865	12.90000
0.63548	-2.44865	14.10000
0.87082	-2.44865	14.10000
1.10616	-2.44865	14.10000
1.34150	-2.44865	14.10000
1.57684	-2.44865	14.10000
1.81218	-2.44865	14.10000
2.04752	-2.44865	14.10000
2.28285	-2.44865	14.10000
2.51819	-2.44865	14.10000
2.75353	-2.44865	14.10000
2.98887	-2.44865	14.10000
3.22421	-2.44865	14.10000
3.45955	-2.44865	14.10000
3.69489	-2.44865	14.10000
3.93023	-2.44865	14.10000
-3.36527	-2.30330	14.10000
-3.12993	-2.30330	14.10000
-2.89460	-2.30330	14.10000
-2.65926	-2.30330	14.10000
-2.42392	-2.30330	14.10000
-2.18858	-2.30330	14.10000
-1.95324	-2.30330	14.10000
-1.71790	-2.30330	14.10000
-1.48256	-2.30330	14.10000
-1.24723	-2.30330	12.90000
-1.01189	-2.30330	9.37000
-0.77655	-2.30330	10.50000
-0.54121	-2.30330	10.50000
-0.30587	-2.30330	11.10000
-0.07053	-2.30330	8.79000
0.16481	-2.30330	8.79000
0.40014	-2.30330	11.10000
0.63548	-2.30330	14.10000
0.87082	-2.30330	14.10000
1.10616	-2.30330	14.10000
1.34150	-2.30330	14.10000
1.57684	-2.30330	14.10000
1.81218	-2.30330	14.10000
2.04752	-2.30330	14.10000
2.28285	-2.30330	14.10000
2.51819	-2.30330	14.10000
2.75353	-2.30330	14.10000
2.98887	-2.30330	14.10000
3.22421	-2.30330	14.10000
3.45955	-2.30330	14.10000
3.69489	-2.30330	14.10000
3.93023	-2.30330	14.10000
-3.36527	-2.15795	14.10000
-3.12993	-2.15795	14.10000
-2.89460	-2.15795	14.10000
-2.65926	-2.15795	14.10000
-2.42392	-2.15795	14.10000
-2.18858	-2.15795	14.10000
-1.95324	-2.15795	14.10000
-1.71790	-2.15795	14.10000
-1.48256	-2.15795	12.90000
-1.24723	-2.15795	8.79000
-1.01189	-2.15795	6.44000
-0.77655	-2.15795	6.44000
-0.54121	-2.15795	6.44000
-0.30587	-2.15795	8.20000
-0.07053	-2.15795	5.27000
0.16481	-2.15795	5.86000
0.40014	-2.15795	6.44000
0.63548	-2.15795	9.37000
0.87082	-2.15795	7.62000
1.10616	-2.15795	7.62000
1.34150	-2.15795	11.10000
1.57684	-2.15795	12.90000
1.81218	-2.15795	14.10000
2.04752	-2.15795	14.10000
2.28285	-2.15795	14.10000
2.51819	-2.15795	14.10000
2.75353	-2.15795	14.10000
2.98887	-2.15795	14.10000
3.22421	-2.15795	14.10000
3.45955	-2.15795	14.10000
3.69489	-2.15795	14.10000
3.93023	-2.15795	14.10000
-3.36527	-2.01259	14.10000
-3.12993	-2.01259	14.10000
-2.89460	-2.01259	14.10000
-2.65926	-2.01259	14.10000
-2.42392	-2.01259	14.10000
-2.18858	-2.01259	14.10000
-1.95324	-2.01259	14.10000
-1.71790	-2.01259	14.10000
-1.48256	-2.01259	11.10000
-1.24723	-2.01259	8.79000
-1.01189	-2.01259	5.86000
-0.77655	-2.01259	5.86000
-0.54121	-2.01259	7.62000
-0.30587	-2.01259	5.86000
-0.07053	-2.01259	3.51000
0.16481	-2.01259	4.10000
0.40014	-2.01259	5.86000
0.63548	-2.01259	6.44000
0.87082	-2.01259	7.03000
1.10616	-2.01259	7.62000
1.34150	-2.01259	8.79000
1.57684	-2.01259	12.90000
1.81218	-2.01259	12.90000
2.04752	-2.01259	14.10000
2.28285	-2.01259	14.10000
2.51819	-2.01259	14.10000
2.75353	-2.01259	14.10000
2.98887	-2.01259	14.10000
3.22421	-2.01259	14.10000
3.45955	-2.01259	14.10000
3.69489	-2.01259	14.10000
3.93023	-2.01259	14.10000
-3.36527	-1.86724	14.10000
-3.12993	-1.86724	14.10000
-2.89460	-1.86724	14.10000
-2.65926	-1.86724	14.10000
-2.42392	-1.86724	14.10000
-2.18858	-1.86724	14.10000
-1.95324	-1.86724	14.10000
-1.71790	-1.86724	11.10000
-1.48256	-1.86724	12.90000
-1.24723	-1.86724	7.62000
-1.01189	-1.86724	4.69000
-0.77655	-1.86724	5.86000
-0.54121	-1.86724	7.62000
-0.30587	-1.86724	6.44000
-0.07053	-1.86724	4.69000
0.16481	-1.86724	3.51000
0.40014	-1.86724	3.51000
0.63548	-1.86724	4.10000
0.87082	-1.86724	5.86000
1.10616	-1.86724	6.44000
1.34150	-1.86724	7.62000
1.57684	-1.86724	7.62000
1.81218	-1.86724	11.10000
2.04752	-1.86724	14.10000
2.28285	-1.86724	14.10000
2.51819	-1.86724	14.10000
2.75353	-1.86724	14.10000
2.98887	-1.86724	14.10000
3.22421	-1.86724	14.10000
3.45955	-1.86724	14.10000
3.69489	-1.86724	14.10000
3.93023	-1.86724	14.10000
-3.36527	-1.72188	14.10000
-3.12993	-1.72188	14.10000
-2.89460	-1.72188	14.10000
-2.65926	-1.72188	14.10000
-2.42392	-1.72188	14.10000
-2.18858	-1.72188	14.10000
-1.95324	-1.72188	14.10000
-1.71790	-1.72188	12.90000
-1.48256	-1.72188	7.62000
-1.24723	-1.72188	7.62000
-1.01189	-1.72188	6.44000
-0.77655	-1.72188	6.44000
-0.54121	-1.72188	6.44000
-0.30587	-1.72188	4.69000
-0.07053	-1.72188	3.51000
0.16481	-1.72188	2.93000
0.40014	-1.72188	3.51000
0.63548	-1.72188	4.10000
0.87082	-1.72188	5.27000
1.10616	-1.72188	5.86000
1.34150	-1.72188	6.44000
1.57684	-1.72188	7.03000
1.81218	-1.72188	9.37000
2.04752	-1.72188	14.10000
2.28285	-1.72188	14.10000
2.51819	-1.72188	14.10000
2.75353	-1.72188	14.10000
2.98887	-1.72188	14.10000
3.22421	-1.72188	14.10000
3.45955	-1.72188	14.10000
3.69489	-1.72188	14.10000
3.93023	-1.72188	14.10000
-3.36527	-1.57653	14.10000
-3.12993	-1.57653	14.10000
-2.89460	-1.57653	14.10000
-2.65926	-1.57653	14.10000
-2.42392	-1.57653	14.10000
-2.18858	-1.57653	12.90000
-1.95324	-1.57653	10.50000
-1.71790	-1.57653	7.03000
-1.48256	-1.57653	7.62000
-1.24723	-1.57653	6.44000
-1.01189	-1.57653	7.03000
-0.77655	-1.57653	7.03000
-0.54121	-1.57653	6.44000
-0.30587	-1.57653	4.10000
-0.07053	-1.57653	3.51000
0.16481	-1.57653	2.93000
0.40014	-1.57653	3.51000
0.63548	-1.57653	5.27000
0.87082	-1.57653	7.03000
1.10616	-1.57653	6.44000
1.34150	-1.57653	6.44000
1.57684	-1.57653	7.62000
1.81218	-1.57653	9.37000
2.04752	-1.57653	14.10000
2.28285	-1.57653	14.10000
2.51819	-1.57653	14.10000
2.75353	-1.57653	14.10000
2.98887	-1.57653	14.10000
3.22421	-1.57653	14.10000
3.45955	-1.57653	14.10000
3.69489	-1.57653	14.10000
3.93023	-1.57653	14.10000
-3.36527	-1.43118	14.10000
-3.12993	-1.43118	14.10000
-2.89460	-1.43118	14.10000
-2.65926	-1.43118	14.10000
-2.42392	-1.43118	10.50000
-2.18858	-1.43118	9.37000
-1.95324	-1.43118	7.62000
-1.71790	-1.43118	6.44000
-1.48256	-1.43118	5.27000
-1.24723	-1.43118	5.86000
-1.01189	-1.43118	8.20000
-0.77655	-1.43118	8.79000
-0.54121	-1.43118	7.03000
-0.30587	-1.43118	3.51000
-0.07053	-1.43118	2.93000
0.16481	-1.43118	4.10000
0.40014	-1.43118	6.44000
0.63548	-1.43118	6.44000
0.87082	-1.43118	6.44000
1.10616	-1.43118	7.62000
1.34150	-1.43118	7.62000
1.57684	-1.43118	9.37000
1.81218	-1.43118	12.90000
2.04752	-1.43118	14.10000
2.28285	-1.43118	14.10000
2.51819	-1.43118	14.10000
2.75353	-1.43118	14.10000
2.98887	-1.43118	14.10000
3.22421	-1.43118	14.10000
3.45955	-1.43118	14.10000
3.69489	-1.43118	14.10000
3.93023	-1.43118	14.10000
-3.36527	-1.28582	14.10000
-3.12993	-1.28582	14.10000
-2.89460	-1.28582	14.10000
-2.65926	-1.28582	14.10000
-2.42392	-1.28582	12.90000
-2.18858	-1.28582	7.62000
-1.95324	-1.28582	7.62000
-1.71790	-1.28582	8.20000
-1.48256	-1.28582	6.44000
-1.24723	-1.28582	7.62000
-1.01189	-1.28582	10.50000
-0.77655	-1.28582	8.79000
-0.54121	-1.28582	5.86000
-0.30587	-1.28582	5.27000
-0.07053	-1.28582	5.27000
0.16481	-1.28582	5.27000
0.40014	-1.28582	5.86000
0.63548	-1.28582	7.03000
0.87082	-1.28582	9.37000
1.10616	-1.28582	8.79000
1.34150	-1.28582	8.79000
1.57684	-1.28582	9.37000
1.81218	-1.28582	14.10000
2.04752	-1.28582	14.10000
2.28285	-1.28582	14.10000
2.51819	-1.28582	14.10000
2.75353	-1.28582	14.10000
2.98887	-1.28582	14.10000
3.22421	-1.28582	14.10000
3.45955	-1.28582	14.10000
3.69489	-1.28582	14.10000
3.93023	-1.28582	14.10000
-3.36527	-1.14047	14.10000
-3.12993	-1.14047	14.10000
-2.89460	-1.14047	14.10000
-2.65926	-1.14047	14.10000
-2.42392	-1.14047	7.62000
-2.18858	-1.14047	7.03000
-1.95324	-1.14047	6.44000
-1.71790	-1.14047	7.62000
-1.48256	-1.14047	8.20000
-1.24723	-1.14047	7.62000
-1.01189	-1.14047	14.10000
-0.77655	-1.14047	10.50000
-0.54121	-1.14047	8.79000
-0.30587	-1.14047	6.44000
-0.07053	-1.14047	7.62000
0.16481	-1.14047	8.20000
0.40014	-1.14047	12.90000
0.63548	-1.14047	10.50000
0.87082	-1.14047	10.50000
1.10616	-1.14047	9.37000
1.34150	-1.14047	8.20000
1.57684	-1.14047	8.79000
1.81218	-1.14047	10.50000
2.04752	-1.14047	12.90000
2.28285	-1.14047	14.10000
2.51819	-1.14047	14.10000
2.75353	-1.14047	14.10000
2.98887	-1.14047	14.10000
3.22421	-1.14047	14.10000
3.45955	-1.14047	14.10000
3.69489	-1.14047	14.10000
3.93023	-1.14047	14.10000
-3.36527	-0.99511	14.10000
-3.12993	-0.99511	14.10000
-2.89460	-0.99511	12.90000
-2.65926	-0.99511	9.37000
-2.42392	-0.99511	8.79000
-2.18858	-0.99511	7.62000
-1.95324	-0.99511	7.03000
-1.71790	-0.99511	7.62000
-1.48256	-0.99511	8.79000
-1.24723	-0.99511	9.37000
-1.01189	-0.99511	10.50000
-0.77655	-0.99511	14.10000
-0.54121	-0.99511	11.10000
-0.30587	-0.99511	10.50000
-0.07053	-0.99511	11.10000
0.16481	-0.99511	12.90000
0.40014	-0.99511	14.10000
0.63548	-0.99511	12.90000
0.87082	-0.99511	12.90000
1.10616	-0.99511	7.62000
1.34150	-0.99511	7.62000
1.57684	-0.99511	6.44000
1.81218	-0.99511	6.44000
2.04752	-0.99511	12.90000
2.28285	-0.99511	11.10000
2.51819	-0.99511	12.90000
2.75353	-0.99511	14.10000
2.98887	-0.99511	14.10000
3.22421	-0.99511	14.10000
3.45955	-0.99511	14.10000
3.69489	-0.99511	14.10000
3.93023	-0.99511	14.10000
-3.36527	-0.84976	14.10000
-3.12993	-0.84976	14.10000
-2.89460	-0.84976	10.50000
-2.65926	-0.84976	7.62000
-2.42392	-0.84976	7.62000
-2.18858	-0.84976	6.44000
-1.95324	-0.84976	6.44000
-1.71790	-0.84976	7.62000
-1.48256	-0.84976	10.50000
-1.24723	-0.84976	10.50000
-1.01189	-0.84976	12.90000
-0.77655	-0.84976	14.10000
-0.54121	-0.84976	12.90000
-0.30587	-0.84976	14.10000
-0.07053	-0.84976	14.10000
0.16481	-0.84976	14.10000
0.40014	-0.84976	14.10000
0.63548	-0.84976	14.10000
0.87082	-0.84976	9.37000
1.10616	-0.84976	9.37000
1.34150	-0.84976	8.79000
1.57684	-0.84976	5.27000
1.81218	-0.84976	5.27000
2.04752	-0.84976	7.03000
2.28285	-0.84976	7.62000
2.51819	-0.84976	8.79000
2.75353	-0.84976	14.10000
2.98887	-0.84976	12.90000
3.22421	-0.84976	14.10000
3.45955	-0.84976	14.10000
3.69489	-0.84976	14.10000
3.93023	-0.84976	14.10000
-3.36527	-0.70441	14.10000
-3.12993	-0.70441	12.90000
-2.89460	-0.70441	8.79000
-2.65926	-0.70441	7.03000
-2.42392	-0.70441	7.62000
-2.18858	-0.70441	7.62000
-1.95324	-0.70441	7.62000
-1.71790	-0.70441	7.62000
-1.48256	-0.70441	9.37000
-1.24723	-0.70441	14.10000
-1.01189	-0.70441	14.10000
-0.77655	-0.70441	14.10000
-0.54121	-0.70441	14.10000
-0.30587	-0.70441	14.10000
-0.07053	-0.70441	14.10000
0.16481	-0.70441	14.10000
0.40014	-0.70441	14.10000
0.63548	-0.70441	14.10000
0.87082	-0.70441	14.10000
1.10616	-0.70441	14.10000
1.34150	-0.70441	9.37000
1.57684	-0.70441	5.86000
1.81218	-0.70441	4.69000
2.04752	-0.70441	7.03000
2.28285	-0.70441	7.62000
2.51819	-0.70441	7.62000
2.75353	-0.70441	8.20000
2.98887	-0.70441	7.62000
3.22421	-0.70441	9.37000
3.45955	-0.70441	14.10000
3.69489	-0.70441	11.10000
3.93023	-0.70441	14.10000
-3.36527	-0.55905	14.10000
-3.12993	-0.55905	14.10000
-2.89460	-0.55905	11.10000
-2.65926	-0.55905	6.44000
-2.42392	-0.55905	7.62000
-2.18858	-0.55905	7.62000
-1.95324	-0.55905	7.62000
-1.71790	-0.55905	10.50000
-1.48256	-0.55905	9.37000
-1.24723	-0.55905	12.90000
-1.01189	-0.55905	14.10000
-0.77655	-0.55905	14.10000
-0.54121	-0.55905	14.10000
-0.30587	-0.55905	14.10000
-0.07053	-0.55905	14.10000
0.16481	-0.55905	14.10000
0.40014	-0.55905	14.10000
0.63548	-0.55905	14.10000
0.87082	-0.55905	14.10000
1.10616	-0.55905	14.10000
1.34150	-0.55905	11.10000
1.57684	-0.55905	10.50000
1.81218	-0.55905	7.62000
2.04752	-0.55905	7.03000
2.28285	-0.55905	5.86000
2.51819	-0.55905	5.27000
2.75353	-0.55905	6.44000
2.98887	-0.55905	3.51000
3.22421	-0.55905	5.27000
3.45955	-0.55905	7.62000
3.69489	-0.55905	11.10000
3.93023	-0.55905	14.10000
-3.36527	-0.41370	14.10000
-3.12993	-0.41370	12.90000
-2.89460	-0.41370	8.79000
-2.65926	-0.41370	5.27000
-2.42392	-0.41370	7.03000
-2.18858	-0.41370	6.44000
-1.95324	-0.41370	9.37000
-1.71790	-0.41370	7.62000
-1.48256	-0.41370	9.37000
-1.24723	-0.41370	11.10000
-1.01189	-0.41370	12.90000
-0.77655	-0.41370	14.10000
-0.54121	-0.41370	14.10000
-0.30587	-0.41370	14.10000
-0.07053	-0.41370	14.10000
0.16481	-0.41370	14.10000
0.40014	-0.41370	14.10000
0.63548	-0.41370	14.10000
0.87082	-0.41370	14.10000
1.10616	-0.41370	14.10000
1.34150	-0.41370	14.10000
1.57684	-0.41370	14.10000
1.81218	-0.41370	9.37000
2.04752	-0.41370	8.79000
2.28285	-0.41370	8.79000
2.51819	-0.41370	4.10000
2.75353	-0.41370	4.69000
2.98887	-0.41370	2.93000
3.22421	-0.41370	3.51000
3.45955	-0.41370	5.27000
3.69489	-0.41370	7.03000
3.93023	-0.41370	12.90000
-3.36527	-0.26834	12.90000
-3.12993	-0.26834	8.79000
-2.89460	-0.26834	5.86000
-2.65926	-0.26834	4.69000
-2.42392	-0.26834	5.27000
-2.18858	-0.26834	6.44000
-1.95324	-0.26834	6.44000
-1.71790	-0.26834	6.44000
-1.48256	-0.26834	9.37000
-1.24723	-0.26834	10.50000
-1.01189	-0.26834	11.10000
-0.77655	-0.26834	14.10000
-0.54121	-0.26834	14.10000
-0.30587	-0.26834	14.10000
-0.07053	-0.26834	14.10000
0.16481	-0.26834	14.10000
0.40014	-0.26834	14.10000
0.63548	-0.26834	14.10000
0.87082	-0.26834	14.10000
1.10616	-0.26834	14.10000
1.34150	-0.26834	14.10000
1.57684	-0.26834	14.10000
1.81218	-0.26834	14.10000
2.04752	-0.26834	14.10000
2.28285	-0.26834	8.79000
2.51819	-0.26834	4.10000
2.75353	-0.26834	3.51000
2.98887	-0.26834	1.76000
3.22421	-0.26834	1.76000
3.45955	-0.26834	4.10000
3.69489	-0.26834	8.79000
3.93023	-0.26834	14.10000
-3.36527	-0.12299	14.10000
-3.12993	-0.12299	9.37000
-2.89460	-0.12299	5.86000
-2.65926	-0.12299	3.51000
-2.42392	-0.12299	3.51000
-2.18858	-0.12299	4.10000
-1.95324	-0.12299	6.44000
-1.71790	-0.12299	5.27000
-1.48256	-0.12299	8.79000
-1.24723	-0.12299	11.10000
-1.01189	-0.12299	11.10000
-0.77655	-0.12299	14.10000
-0.54121	-0.12299	14.10000
-0.30587	-0.12299	14.10000
-0.07053	-0.12299	14.10000
0.16481	-0.12299	14.10000
0.40014	-0.12299	14.10000
0.63548	-0.12299	14.10000
0.87082	-0.12299	14.10000
1.10616	-0.12299	14.10000
1.34150	-0.12299	14.10000
1.57684	-0.12299	14.10000
1.81218	-0.12299	14.10000
2.04752	-0.12299	12.90000
2.28285	-0.12299	12.90000
2.51819	-0.12299	5.27000
2.75353	-0.12299	3.51000
2.98887	-0.12299	1.76000
3.22421	-0.12299	1.17000
3.45955	-0.12299	2.93000
3.69489	-0.12299	7.62000
3.93023	-0.12299	14.10000
-3.36527	0.02236	12.90000
-3.12993	0.02236	7.62000
-2.89460	0.02236	2.93000
-2.65926	0.02236	2.34000
-2.42392	0.02236	1.76000
-2.18858	0.02236	1.76000
-1.95324	0.02236	2.34000
-1.71790	0.02236	4.69000
-1.48256	0.02236	6.44000
-1.24723	0.02236	8.20000
-1.01189	0.02236	9.37000
-0.77655	0.02236	11.10000
-0.54121	0.02236	14.10000
-0.30587	0.02236	14.10000
-0.07053	0.02236	14.10000
0.16481	0.02236	14.10000
0.40014	0.02236	14.10000
0.63548	0.02236	14.10000
0.87082	0.02236	14.10000
1.10616	0.02236	14.10000
1.34150	0.02236	14.10000
1.57684	0.02236	14.10000
1.81218	0.02236	14.10000
2.04752	0.02236	14.10000
2.28285	0.02236	12.90000
2.51819	0.02236	8.20000
2.75353	0.02236	3.51000
2.98887	0.02236	2.93000
3.22421	0.02236	2.34000
3.45955	0.02236	3.51000
3.69489	0.02236	8.79000
3.93023	0.02236	14.10000
-3.36527	0.16772	12.90000
-3.12993	0.16772	5.86000
-2.89460	0.16772	2.93000
-2.65926	0.16772	0.58600
-2.42392	0.16772	0.58600
-2.18858	0.16772	1.17000
-1.95324	0.16772	1.76000
-1.71790	0.16772	2.93000
-1.48256	0.16772	4.69000
-1.24723	0.16772	6.44000
-1.01189	0.16772	7.62000
-0.77655	0.16772	8.79000
-0.54121	0.16772	14.10000
-0.30587	0.16772	14.10000
-0.07053	0.16772	14.10000
0.16481	0.16772	14.10000
0.40014	0.16772	14.10000
0.63548	0.16772	14.10000
0.87082	0.16772	14.10000
1.10616	0.16772	14.10000
1.34150	0.16772	14.10000
1.57684	0.16772	14.10000
1.81218	0.16772	14.10000
2.04752	0.16772	14.10000
2.28285	0.16772	14.10000
2.51819	0.16772	8.20000
2.75353	0.16772	5.27000
2.98887	0.16772	4.10000
3.22421	0.16772	2.93000
3.45955	0.16772	2.93000
3.69489	0.16772	8.79000
3.93023	0.16772	14.10000
-3.36527	0.31307	11.10000
-3.12993	0.31307	5.86000
-2.89460	0.31307	2.34000
-2.65926	0.31307	0.00000
-2.42392	0.31307	0.00000
-2.18858	0.31307	0.00000
-1.95324	0.31307	0.58600
-1.71790	0.31307	2.93000
-1.48256	0.31307	3.51000
-1.24723	0.31307	4.69000
-1.01189	0.31307	6.44000
-0.77655	0.31307	8.79000
-0.54121	0.31307	14.10000
-0.30587	0.31307	14.10000
-0.07053	0.31307	14.10000
0.16481	0.31307	14.10000
0.40014	0.31307	14.10000
0.63548	0.31307	14.10000
0.87082	0.31307	14.10000
1.10616	0.31307	14.10000
1.34150	0.31307	14.10000
1.57684	0.31307	14.10000
1.81218	0.31307	14.10000
2.04752	0.31307	14.10000
2.28285	0.31307	12.90000
2.51819	0.31307	5.86000
2.75353	0.31307	5.27000
2.98887	0.31307	3.51000
3.22421	0.31307	2.93000
3.45955	0.31307	4.69000
3.69489	0.31307	12.90000
3.93023	0.31307	14.10000
-3.36527	0.45843	12.90000
-3.12993	0.45843	6.44000
-2.89460	0.45843	2.93000
-2.65926	0.45843	1.17000
-2.42392	0.45843	0.58600
-2.18858	0.45843	0.58600
-1.95324	0.45843	1.76000
-1.71790	0.45843	1.76000
-1.48256	0.45843	4.10000
-1.24723	0.45843	4.10000
-1.01189	0.45843	7.62000
-0.77655	0.45843	8.79000
-0.54121	0.45843	14.10000
-0.30587	0.45843	14.10000
-0.07053	0.45843	14.10000
0.16481	0.45843	14.10000
0.40014	0.45843	14.10000
0.63548	0.45843	14.10000
0.87082	0.45843	14.10000
1.10616	0.45843	14.10000
1.34150	0.45843	14.10000
1.57684	0.45843	14.10000
1.81218	0.45843	14.10000
2.04752	0.45843	10.50000
2.28285	0.45843	7.62000
2.51819	0.45843	6.44000
2.75353	0.45843	4.10000
2.98887	0.45843	4.10000
3.22421	0.45843	3.51000
3.45955	0.45843	7.03000
3.69489	0.45843	14.10000
3.93023	0.45843	14.10000
-3.36527	0.60378	12.90000
-3.12993	0.60378	8.79000
-2.89460	0.60378	4.69000
-2.65926	0.60378	2.34000
-2.42392	0.60378	1.76000
-2.18858	0.60378	1.76000
-1.95324	0.60378	2.34000
-1.71790	0.60378	3.51000
-1.48256	0.60378	4.69000
-1.24723	0.60378	5.86000
-1.01189	0.60378	8.79000
-0.77655	0.60378	11.10000
-0.54121	0.60378	14.10000
-0.30587	0.60378	14.10000
-0.07053	0.60378	14.10000
0.16481	0.60378	14.10000
0.40014	0.60378	14.10000
0.63548	0.60378	14.10000
0.87082	0.60378	14.10000
1.10616	0.60378	12.90000
1.34150	0.60378	12.90000
1.57684	0.60378	14.10000
1.81218	0.60378	9.37000
2.04752	0.60378	8.20000
2.28285	0.60378	7.62000
2.51819	0.60378	5.86000
2.75353	0.60378	4.69000
2.98887	0.60378	4.69000
3.22421	0.60378	5.27000
3.45955	0.60378	7.62000
3.69489	0.60378	14.10000
3.93023	0.60378	14.10000
-3.36527	0.74913	14.10000
-3.12993	0.74913	11.10000
-2.89460	0.74913	7.03000
-2.65926	0.74913	4.10000
-2.42392	0.74913	2.34000
-2.18858	0.74913	2.93000
-1.95324	0.74913	4.10000
-1.71790	0.74913	5.27000
-1.48256	0.74913	5.86000
-1.24723	0.74913	8.79000
-1.01189	0.74913	10.50000
-0.77655	0.74913	12.90000
-0.54121	0.74913	14.10000
-0.30587	0.74913	14.10000
-0.07053	0.74913	14.10000
0.16481	0.74913	14.10000
0.40014	0.74913	14.10000
0.63548	0.74913	14.10000
0.87082	0.74913	14.10000
1.10616	0.74913	14.10000
1.34150	0.74913	10.50000
1.57684	0.74913	9.37000
1.81218	0.74913	9.37000
2.04752	0.74913	5.86000
2.28285	0.74913	7.03000
2.51819	0.74913	4.69000
2.75353	0.74913	4.10000
2.98887	0.74913	5.27000
3.22421	0.74913	5.27000
3.45955	0.74913	9.37000
3.69489	0.74913	11.10000
3.93023	0.74913	14.10000
-3.36527	0.89449	14.10000
-3.12993	0.89449	11.10000
-2.89460	0.89449	10.50000
-2.65926	0.89449	5.27000
-2.42392	0.89449	5.27000
-2.18858	0.89449	5.86000
-1.95324	0.89449	7.03000
-1.71790	0.89449	10.50000
-1.48256	0.89449	11.10000
-1.24723	0.89449	12.90000
-1.01189	0.89449	14.10000
-0.77655	0.89449	14.10000
-0.54121	0.89449	14.10000
-0.30587	0.89449	14.10000
-0.07053	0.89449	14.10000
0.16481	0.89449	14.10000
0.40014	0.89449	14.10000
0.63548	0.89449	12.90000
0.87082	0.89449	12.90000
1.10616	0.89449	12.90000
1.34150	0.89449	8.20000
1.57684	0.89449	5.86000
1.81218	0.89449	6.44000
2.04752	0.89449	7.03000
2.28285	0.89449	5.27000
2.51819	0.89449	4.69000
2.75353	0.89449	4.69000
2.98887	0.89449	6.44000
3.22421	0.89449	8.79000
3.45955	0.89449	14.10000
3.69489	0.89449	14.10000
3.93023	0.89449	14.10000
-3.36527	1.03984	14.10000
-3.12993	1.03984	14.10000
-2.89460	1.03984	12.90000
-2.65926	1.03984	10.50000
-2.42392	1.03984	8.79000
-2.18858	1.03984	7.62000
-1.95324	1.03984	11.10000
-1.71790	1.03984	14.10000
-1.48256	1.03984	14.10000
-1.24723	1.03984	14.10000
-1.01189	1.03984	14.10000
-0.77655	1.03984	14.10000
-0.54121	1.03984	14.10000
-0.30587	1.03984	14.10000
-0.07053	1.03984	14.10000
0.16481	1.03984	14.10000
0.40014	1.03984	14.10000
0.63548	1.03984	12.90000
0.87082	1.03984	12.90000
1.10616	1.03984	7.62000
1.34150	1.03984	4.69000
1.57684	1.03984	3.51000
1.81218	1.03984	5.27000
2.04752	1.03984	8.79000
2.28285	1.03984	5.86000
2.51819	1.03984	5.86000
2.75353	1.03984	7.03000
2.98887	1.03984	11.10000
3.22421	1.03984	14.10000
3.45955	1.03984	14.10000
3.69489	1.03984	14.10000
3.93023	1.03984	14.10000
-3.36527	1.18520	14.10000
-3.12993	1.18520	14.10000
-2.89460	1.18520	14.10000
-2.65926	1.18520	12.90000
-2.42392	1.18520	11.10000
-2.18858	1.18520	9.37000
-1.95324	1.18520	12.90000
-1.71790	1.18520	14.10000
-1.48256	1.18520	14.10000
-1.24723	1.18520	14.10000
-1.01189	1.18520	14.10000
-0.77655	1.18520	14.10000
-0.54121	1.18520	14.10000
-0.30587	1.18520	14.10000
-0.07053	1.18520	14.10000
0.16481	1.18520	14.10000
0.40014	1.18520	14.10000
0.63548	1.18520	14.10000
0.87082	1.18520	8.79000
1.10616	1.18520	6.44000
1.34150	1.18520	3.51000
1.57684	1.18520	2.34000
1.81218	1.18520	4.10000
2.04752	1.18520	5.86000
2.28285	1.18520	7.62000
2.51819	1.18520	7.62000
2.75353	1.18520	11.10000
2.98887	1.18520	14.10000
3.22421	1.18520	14.10000
3.45955	1.18520	14.10000
3.69489	1.18520	14.10000
3.93023	1.18520	14.10000
-3.36527	1.33055	14.10000
-3.12993	1.33055	14.10000
-2.89460	1.33055	14.10000
-2.65926	1.33055	14.10000
-2.42392	1.33055	14.10000
-2.18858	1.33055	14.10000
-1.95324	1.33055	12.90000
-1.71790	1.33055	14.10000
-1.48256	1.33055	14.10000
-1.24723	1.33055	14.10000
-1.01189	1.33055	14.10000
-0.77655	1.33055	14.10000
-0.54121	1.33055	14.10000
-0.30587	1.33055	14.10000
-0.07053	1.33055	14.10000
0.16481	1.33055	14.10000
0.40014	1.33055	14.10000
0.63548	1.33055	14.10000
0.87082	1.33055	9.37000
1.10616	1.33055	5.27000
1.34150	1.33055	2.93000
1.57684	1.33055	2.34000
1.81218	1.33055	2.93000
2.04752	1.33055	6.44000
2.28285	1.33055	8.79000
2.51819	1.33055	14.10000
2.75353	1.33055	14.10000
2.98887	1.33055	14.10000
3.22421	1.33055	14.10000
3.45955	1.33055	14.10000
3.69489	1.33055	14.10000
3.93023	1.33055	14.10000
-3.36527	1.47590	14.10000
-3.12993	1.47590	14.10000
-2.89460	1.47590	14.10000
-2.65926	1.47590	14.10000
-2.42392	1.47590	14.10000
-2.18858	1.47590	14.10000
-1.95324	1.47590	14.10000
-1.71790	1.47590	14.10000
-1.48256	1.47590	14.10000
-1.24723	1.47590	14.10000
-1.01189	1.47590	14.10000
-0.77655	1.47590	14.10000
-0.54121	1.47590	14.10000
-0.30587	1.47590	14.10000
-0.07053	1.47590	14.10000
0.16481	1.47590	14.10000
0.40014	1.47590	14.10000
0.63548	1.47590	12.90000
0.87082	1.47590	11.10000
1.10616	1.47590	5.86000
1.34150	1.47590	2.34000
1.57684	1.47590	2.34000
1.81218	1.47590	4.10000
2.04752	1.47590	6.44000
2.28285	1.47590	14.10000
2.51819	1.47590	14.10000
2.75353	1.47590	14.10000
2.98887	1.47590	14.10000
3.22421	1.47590	14.10000
3.45955	1.47590	14.10000
3.69489	1.47590	14.10000
3.93023	1.47590	14.10000
-3.36527	1.62126	14.10000
-3.12993	1.62126	14.10000
-2.89460	1.62126	14.10000
-2.65926	1.62126	14.10000
-2.42392	1.62126	14.10000
-2.18858	1.62126	14.10000
-1.95324	1.62126	14.10000
-1.71790	1.62126	14.10000
-1.48256	1.62126	14.10000
-1.24723	1.62126	14.10000
-1.01189	1.62126	14.10000
-0.77655	1.62126	14.10000
-0.54121	1.62126	14.10000
-0.30587	1.62126	14.10000
-0.07053	1.62126	14.10000
0.16481	1.62126	14.10000
0.40014	1.62126	14.10000
0.63548	1.62126	14.10000
0.87082	1.62126	11.10000
1.10616	1.62126	6.44000
1.34150	1.62126	4.10000
1.57684	1.62126	3.51000
1.81218	1.62126	4.10000
2.04752	1.62126	7.03000
2.28285	1.62126	12.90000
2.51819	1.62126	14.10000
2.75353	1.62126	14.10000
2.98887	1.62126	14.10000
3.22421	1.62126	14.10000
3.45955	1.62126	14.10000
3.69489	1.62126	14.10000
3.93023	1.62126	14.10000
-3.36527	1.76661	14.10000
-3.12993	1.76661	14.10000
-2.89460	1.76661	14.10000
-2.65926	1.76661	14.10000
-2.42392	1.76661	14.10000
-2.18858	1.76661	14.10000
-1.95324	1.76661	14.10000
-1.71790	1.76661	14.10000
-1.48256	1.76661	14.10000
-1.24723	1.76661	14.10000
-1.01189	1.76661	14.10000
-0.77655	1.76661	14.10000
-0.54121	1.76661	14.10000
-0.30587	1.76661	14.10000
-0.07053	1.76661	14.10000
0.16481	1.76661	14.10000
0.40014	1.76661	14.10000
0.63548	1.76661	14.10000
0.87082	1.76661	14.10000
1.10616	1.76661	8.20000
1.34150	1.76661	4.69000
1.57684	1.76661	5.27000
1.81218	1.76661	5.86000
2.04752	1.76661	8.79000
2.28285	1.76661	14.10000
2.51819	1.76661	14.10000
2.75353	1.76661	14.10000
2.98887	1.76661	14.10000
3.22421	1.76661	14.10000
3.45955	1.76661	14.10000
3.69489	1.76661	14.10000
3.93023	1.76661	14.10000
-3.36527	1.91197	14.10000
-3.12993	1.91197	14.10000
-2.89460	1.91197	14.10000
-2.65926	1.91197	14.10000
-2.42392	1.91197	14.10000
-2.18858	1.91197	14.10000
-1.95324	1.91197	14.10000
-1.71790	1.91197	14.10000
-1.48256	1.91197	14.10000
-1.24723	1.91197	14.10000
-1.01189	1.91197	14.10000
-0.77655	1.91197	14.10000
-0.54121	1.91197	14.10000
-0.30587	1.91197	14.10000
-0.07053	1.91197	14.10000
0.16481	1.91197	14.10000
0.40014	1.91197	14.10000
0.63548	1.91197	14.10000
0.87082	1.91197	14.10000
1.10616	1.91197	12.90000
1.34150	1.91197	11.10000
1.57684	1.91197	8.79000
1.81218	1.91197	11.10000
2.04752	1.91197	12.90000
2.28285	1.91197	14.10000
2.51819	1.91197	14.10000
2.75353	1.91197	14.10000
2.98887	1.91197	14.10000
3.22421	1.91197	14.10000
3.45955	1.91197	14.10000
3.69489	1.91197	14.10000
3.93023	1.91197	14.10000
-3.36527	2.05732	14.10000
-3.12993	2.05732	14.10000
-2.89460	2.05732	14.10000
-2.65926	2.05732	14.10000
-2.42392	2.05732	14.10000
-2.18858	2.05732	14.10000
-1.95324	2.05732	14.10000
-1.71790	2.05732	14.10000
-1.48256	2.05732	14.10000
-1.24723	2.05732	14.10000
-1.01189	2.05732	14.10000
-0.77655	2.05732	14.10000
-0.54121	2.05732	14.10000
-0.30587	2.05732	14.10000
-0.07053	2.05732	14.10000
0.16481	2.05732	14.10000
0.40014	2.05732	14.10000
0.63548	2.05732	14.10000
0.87082	2.05732	14.10000
1.10616	2.05732	14.10000
1.34150	2.05732	12.90000
1.57684	2.05732	14.10000
1.81218	2.05732	14.10000
2.04752	2.05732	14.10000
2.28285	2.05732	14.10000
2.51819	2.05732	14.10000
2.75353	2.05732	14.10000
2.98887	2.05732	14.10000
3.22421	2.05732	14.10000
3.45955	2.05732	14.10000
3.69489	2.05732	14.10000
3.93023	2.05732	14.10000
