-1.66296	-2.62726	16.60000
-1.50112	-2.62726	16.60000
-1.33927	-2.62726	16.60000
-1.17743	-2.62726	16.60000
-1.01559	-2.62726	16.60000
-0.85374	-2.62726	16.60000
-0.69190	-2.62726	16.60000
-0.53006	-2.62726	16.60000
-0.36822	-2.62726	16.60000
-0.20637	-2.62726	16.60000
-0.04453	-2.62726	16.60000
0.11732	-2.62726	16.60000
0.27916	-2.62726	16.60000
0.44100	-2.62726	16.60000
0.60284	-2.62726	16.60000
0.76469	-2.62726	16.60000
0.92653	-2.62726	16.60000
1.08837	-2.62726	16.60000
1.25022	-2.62726	16.60000
1.41206	-2.62726	16.60000
1.57390	-2.62726	16.60000
1.73575	-2.62726	16.60000
1.89759	-2.62726	16.60000
2.05943	-2.62726	16.60000
2.22128	-2.62726	16.60000
2.38312	-2.62726	16.60000
2.54496	-2.62726	16.60000
2.70680	-2.62726	16.60000
2.86865	-2.62726	13.10000
3.03049	-2.62726	16.60000
3.19233	-2.62726	16.60000
3.35418	-2.62726	16.60000
-1.66296	-2.48107	16.60000
-1.50112	-2.48107	16.60000
-1.33927	-2.48107	16.60000
-1.17743	-2.48107	16.60000
-1.01559	-2.48107	16.60000
-0.85374	-2.48107	16.60000
-0.69190	-2.48107	16.60000
-0.53006	-2.48107	16.60000
-0.36822	-2.48107	16.60000
-0.20637	-2.48107	16.60000
-0.04453	-2.48107	16.60000
0.11732	-2.48107	16.60000
0.27916	-2.48107	16.60000
0.44100	-2.48107	16.60000
0.60284	-2.48107	16.60000
0.76469	-2.48107	16.60000
0.92653	-2.48107	16.60000
1.08837	-2.48107	16.60000
1.25022	-2.48107	16.60000
1.41206	-2.48107	16.60000
1.57390	-2.48107	16.60000
1.73575	-2.48107	16.60000
1.89759	-2.48107	16.60000
2.05943	-2.48107	16.60000
2.22128	-2.48107	16.60000
2.38312	-2.48107	16.60000
2.54496	-2.48107	16.60000
2.70680	-2.48107	15.90000
2.86865	-2.48107	13.80000
3.03049	-2.48107	16.60000
3.19233	-2.48107	16.60000
3.35418	-2.48107	16.60000
-1.66296	-2.33488	16.60000
-1.50112	-2.33488	16.60000
-1.33927	-2.33488	16.60000
-1.17743	-2.33488	16.60000
-1.01559	-2.33488	16.60000
-0.85374	-2.33488	16.60000
-0.69190	-2.33488	16.60000
-0.53006	-2.33488	16.60000
-0.36822	-2.33488	16.60000
-0.20637	-2.33488	16.60000
-0.04453	-2.33488	16.60000
0.11732	-2.33488	16.60000
0.27916	-2.33488	16.60000
0.44100	-2.33488	16.60000
0.60284	-2.33488	16.60000
0.76469	-2.33488	16.60000
0.92653	-2.33488	16.60000
1.08837	-2.33488	16.60000
1.25022	-2.33488	16.60000
1.41206	-2.33488	16.60000
1.57390	-2.33488	16.60000
1.73575	-2.33488	16.60000
1.89759	-2.33488	16.60000
2.05943	-2.33488	16.60000
2.22128	-2.33488	16.60000
2.38312	-2.33488	16.60000
2.54496	-2.33488	16.60000
2.70680	-2.33488	13.80000
2.86865	-2.33488	15.90000
3.03049	-2.33488	15.90000
3.19233	-2.33488	16.60000
3.35418	-2.33488	15.90000
-1.66296	-2.18870	16.60000
-1.50112	-2.18870	16.60000
-1.33927	-2.18870	16.60000
-1.17743	-2.18870	16.60000
-1.01559	-2.18870	16.60000
-0.85374	-2.18870	16.60000
-0.69190	-2.18870	16.60000
-0.53006	-2.18870	16.60000
-0.36822	-2.18870	16.60000
-0.20637	-2.18870	16.60000
-0.04453	-2.18870	16.60000
0.11732	-2.18870	16.60000
0.27916	-2.18870	16.60000
0.44100	-2.18870	16.60000
0.60284	-2.18870	16.60000
0.76469	-2.18870	16.60000
0.92653	-2.18870	16.60000
1.08837	-2.18870	16.60000
1.25022	-2.18870	16.60000
1.41206	-2.18870	16.60000
1.57390	-2.18870	16.60000
1.73575	-2.18870	16.60000
1.89759	-2.18870	16.60000
2.05943	-2.18870	16.60000
2.22128	-2.18870	16.60000
2.38312	-2.18870	15.90000
2.54496	-2.18870	15.90000
2.70680	-2.18870	13.80000
2.86865	-2.18870	11.70000
3.03049	-2.18870	13.10000
3.19233	-2.18870	13.80000
3.35418	-2.18870	16.60000
-1.66296	-2.04251	16.60000
-1.50112	-2.04251	16.60000
-1.33927	-2.04251	16.60000
-1.17743	-2.04251	16.60000
-1.01559	-2.04251	16.60000
-0.85374	-2.04251	16.60000
-0.69190	-2.04251	16.60000
-0.53006	-2.04251	16.60000
-0.36822	-2.04251	16.60000
-0.20637	-2.04251	16.60000
-0.04453	-2.04251	16.60000
0.11732	-2.04251	16.60000
0.27916	-2.04251	16.60000
0.44100	-2.04251	16.60000
0.60284	-2.04251	16.60000
0.76469	-2.04251	16.60000
0.92653	-2.04251	16.60000
1.08837	-2.04251	16.60000
1.25022	-2.04251	16.60000
1.41206	-2.04251	16.60000
1.57390	-2.04251	16.60000
1.73575	-2.04251	16.60000
1.89759	-2.04251	16.60000
2.05943	-2.04251	16.60000
2.22128	-2.04251	16.60000
2.38312	-2.04251	16.60000
2.54496	-2.04251	15.90000
2.70680	-2.04251	10.40000
2.86865	-2.04251	11.10000
3.03049	-2.04251	13.10000
3.19233	-2.04251	11.70000
3.35418	-2.04251	16.60000
-1.66296	-1.89632	16.60000
-1.50112	-1.89632	16.60000
-1.33927	-1.89632	16.60000
-1.17743	-1.89632	16.60000
-1.01559	-1.89632	16.60000
-0.85374	-1.89632	16.60000
-0.69190	-1.89632	16.60000
-0.53006	-1.89632	16.60000
-0.36822	-1.89632	16.60000
-0.20637	-1.89632	16.60000
-0.04453	-1.89632	16.60000
0.11732	-1.89632	16.60000
0.27916	-1.89632	16.60000
0.44100	-1.89632	16.60000
0.60284	-1.89632	16.60000
0.76469	-1.89632	16.60000
0.92653	-1.89632	16.60000
1.08837	-1.89632	16.60000
1.25022	-1.89632	16.60000
1.41206	-1.89632	16.60000
1.57390	-1.89632	16.60000
1.73575	-1.89632	16.60000
1.89759	-1.89632	16.60000
2.05943	-1.89632	16.60000
2.22128	-1.89632	15.90000
2.38312	-1.89632	12.40000
2.54496	-1.89632	12.40000
2.70680	-1.89632	8.29000
2.86865	-1.89632	8.29000
3.03049	-1.89632	9.67000
3.19233	-1.89632	13.80000
3.35418	-1.89632	13.80000
-1.66296	-1.75013	16.60000
-1.50112	-1.75013	16.60000
-1.33927	-1.75013	16.60000
-1.17743	-1.75013	16.60000
-1.01559	-1.75013	16.60000
-0.85374	-1.75013	16.60000
-0.69190	-1.75013	16.60000
-0.53006	-1.75013	16.60000
-0.36822	-1.75013	16.60000
-0.20637	-1.75013	16.60000
-0.04453	-1.75013	16.60000
0.11732	-1.75013	16.60000
0.27916	-1.75013	16.60000
0.44100	-1.75013	16.60000
0.60284	-1.75013	16.60000
0.76469	-1.75013	16.60000
0.92653	-1.75013	16.60000
1.08837	-1.75013	16.60000
1.25022	-1.75013	16.60000
1.41206	-1.75013	16.60000
1.57390	-1.75013	16.60000
1.73575	-1.75013	16.60000
1.89759	-1.75013	16.60000
2.05943	-1.75013	16.60000
2.22128	-1.75013	13.10000
2.38312	-1.75013	13.10000
2.54496	-1.75013	8.98000
2.70680	-1.75013	8.29000
2.86865	-1.75013	6.91000
3.03049	-1.75013	7.60000
3.19233	-1.75013	8.98000
3.35418	-1.75013	16.60000
-1.66296	-1.60394	16.60000
-1.50112	-1.60394	16.60000
-1.33927	-1.60394	16.60000
-1.17743	-1.60394	16.60000
-1.01559	-1.60394	16.60000
-0.85374	-1.60394	16.60000
-0.69190	-1.60394	16.60000
-0.53006	-1.60394	16.60000
-0.36822	-1.60394	16.60000
-0.20637	-1.60394	16.60000
-0.04453	-1.60394	16.60000
0.11732	-1.60394	16.60000
0.27916	-1.60394	16.60000
0.44100	-1.60394	16.60000
0.60284	-1.60394	16.60000
0.76469	-1.60394	16.60000
0.92653	-1.60394	16.60000
1.08837	-1.60394	16.60000
1.25022	-1.60394	16.60000
1.41206	-1.60394	16.60000
1.57390	-1.60394	16.60000
1.73575	-1.60394	16.60000
1.89759	-1.60394	16.60000
2.05943	-1.60394	16.60000
2.22128	-1.60394	11.70000
2.38312	-1.60394	8.98000
2.54496	-1.60394	7.60000
2.70680	-1.60394	6.22000
2.86865	-1.60394	5.53000
3.03049	-1.60394	6.91000
3.19233	-1.60394	9.67000
3.35418	-1.60394	13.80000
-1.66296	-1.45776	16.60000
-1.50112	-1.45776	16.60000
-1.33927	-1.45776	16.60000
-1.17743	-1.45776	16.60000
-1.01559	-1.45776	16.60000
-0.85374	-1.45776	16.60000
-0.69190	-1.45776	16.60000
-0.53006	-1.45776	16.60000
-0.36822	-1.45776	16.60000
-0.20637	-1.45776	16.60000
-0.04453	-1.45776	16.60000
0.11732	-1.45776	16.60000
0.27916	-1.45776	16.60000
0.44100	-1.45776	16.60000
0.60284	-1.45776	16.60000
0.76469	-1.45776	16.60000
0.92653	-1.45776	16.60000
1.08837	-1.45776	16.60000
1.25022	-1.45776	16.60000
1.41206	-1.45776	16.60000
1.57390	-1.45776	16.60000
1.73575	-1.45776	16.60000
1.89759	-1.45776	16.60000
2.05943	-1.45776	16.60000
2.22128	-1.45776	13.10000
2.38312	-1.45776	8.98000
2.54496	-1.45776	6.91000
2.70680	-1.45776	4.84000
2.86865	-1.45776	5.53000
3.03049	-1.45776	5.53000
3.19233	-1.45776	8.29000
3.35418	-1.45776	13.80000
-1.66296	-1.31157	16.60000
-1.50112	-1.31157	16.60000
-1.33927	-1.31157	13.80000
-1.17743	-1.31157	13.80000
-1.01559	-1.31157	13.10000
-0.85374	-1.31157	15.90000
-0.69190	-1.31157	16.60000
-0.53006	-1.31157	16.60000
-0.36822	-1.31157	16.60000
-0.20637	-1.31157	16.60000
-0.04453	-1.31157	16.60000
0.11732	-1.31157	16.60000
0.27916	-1.31157	16.60000
0.44100	-1.31157	16.60000
0.60284	-1.31157	16.60000
0.76469	-1.31157	16.60000
0.92653	-1.31157	16.60000
1.08837	-1.31157	16.60000
1.25022	-1.31157	16.60000
1.41206	-1.31157	16.60000
1.57390	-1.31157	16.60000
1.73575	-1.31157	16.60000
1.89759	-1.31157	16.60000
2.05943	-1.31157	16.60000
2.22128	-1.31157	13.10000
2.38312	-1.31157	8.98000
2.54496	-1.31157	6.22000
2.70680	-1.31157	5.53000
2.86865	-1.31157	5.53000
3.03049	-1.31157	6.91000
3.19233	-1.31157	9.67000
3.35418	-1.31157	16.60000
-1.66296	-1.16538	16.60000
-1.50112	-1.16538	9.67000
-1.33927	-1.16538	6.91000
-1.17743	-1.16538	5.53000
-1.01559	-1.16538	7.60000
-0.85374	-1.16538	11.70000
-0.69190	-1.16538	15.90000
-0.53006	-1.16538	16.60000
-0.36822	-1.16538	16.60000
-0.20637	-1.16538	16.60000
-0.04453	-1.16538	16.60000
0.11732	-1.16538	16.60000
0.27916	-1.16538	16.60000
0.44100	-1.16538	16.60000
0.60284	-1.16538	16.60000
0.76469	-1.16538	16.60000
0.92653	-1.16538	16.60000
1.08837	-1.16538	16.60000
1.25022	-1.16538	16.60000
1.41206	-1.16538	16.60000
1.57390	-1.16538	16.60000
1.73575	-1.16538	16.60000
1.89759	-1.16538	15.90000
2.05943	-1.16538	16.60000
2.22128	-1.16538	15.90000
2.38312	-1.16538	9.67000
2.54496	-1.16538	6.91000
2.70680	-1.16538	5.53000
2.86865	-1.16538	6.22000
3.03049	-1.16538	8.29000
3.19233	-1.16538	13.10000
3.35418	-1.16538	15.90000
-1.66296	-1.01919	16.60000
-1.50112	-1.01919	7.60000
-1.33927	-1.01919	2.76000
-1.17743	-1.01919	1.38000
-1.01559	-1.01919	3.45000
-0.85374	-1.01919	7.60000
-0.69190	-1.01919	11.70000
-0.53006	-1.01919	15.90000
-0.36822	-1.01919	16.60000
-0.20637	-1.01919	16.60000
-0.04453	-1.01919	16.60000
0.11732	-1.01919	16.60000
0.27916	-1.01919	16.60000
0.44100	-1.01919	16.60000
0.60284	-1.01919	16.60000
0.76469	-1.01919	16.60000
0.92653	-1.01919	16.60000
1.08837	-1.01919	16.60000
1.25022	-1.01919	16.60000
1.41206	-1.01919	16.60000
1.57390	-1.01919	16.60000
1.73575	-1.01919	16.60000
1.89759	-1.01919	16.60000
2.05943	-1.01919	16.60000
2.22128	-1.01919	11.10000
2.38312	-1.01919	9.67000
2.54496	-1.01919	8.29000
2.70680	-1.01919	8.98000
2.86865	-1.01919	10.40000
3.03049	-1.01919	10.40000
3.19233	-1.01919	16.60000
3.35418	-1.01919	16.60000
-1.66296	-0.87301	15.90000
-1.50112	-0.87301	5.53000
-1.33927	-0.87301	1.38000
-1.17743	-0.87301	0.00000
-1.01559	-0.87301	0.69100
-0.85374	-0.87301	4.84000
-0.69190	-0.87301	7.60000
-0.53006	-0.87301	15.90000
-0.36822	-0.87301	16.60000
-0.20637	-0.87301	16.60000
-0.04453	-0.87301	16.60000
0.11732	-0.87301	16.60000
0.27916	-0.87301	16.60000
0.44100	-0.87301	16.60000
0.60284	-0.87301	16.60000
0.76469	-0.87301	16.60000
0.92653	-0.87301	16.60000
1.08837	-0.87301	16.60000
1.25022	-0.87301	16.60000
1.41206	-0.87301	16.60000
1.57390	-0.87301	16.60000
1.73575	-0.87301	16.60000
1.89759	-0.87301	13.80000
2.05943	-0.87301	12.40000
2.22128	-0.87301	11.10000
2.38312	-0.87301	8.98000
2.54496	-0.87301	12.40000
2.70680	-0.87301	13.10000
2.86865	-0.87301	13.80000
3.03049	-0.87301	15.90000
3.19233	-0.87301	16.60000
3.35418	-0.87301	16.60000
-1.66296	-0.72682	13.80000
-1.50112	-0.72682	6.22000
-1.33927	-0.72682	2.07000
-1.17743	-0.72682	0.00000
-1.01559	-0.72682	1.38000
-0.85374	-0.72682	4.15000
-0.69190	-0.72682	8.29000
-0.53006	-0.72682	16.60000
-0.36822	-0.72682	16.60000
-0.20637	-0.72682	16.60000
-0.04453	-0.72682	16.60000
0.11732	-0.72682	16.60000
0.27916	-0.72682	16.60000
0.44100	-0.72682	16.60000
0.60284	-0.72682	16.60000
0.76469	-0.72682	16.60000
0.92653	-0.72682	16.60000
1.08837	-0.72682	16.60000
1.25022	-0.72682	16.60000
1.41206	-0.72682	16.60000
1.57390	-0.72682	16.60000
1.73575	-0.72682	15.90000
1.89759	-0.72682	11.10000
2.05943	-0.72682	10.40000
2.22128	-0.72682	8.98000
2.38312	-0.72682	8.98000
2.54496	-0.72682	11.70000
2.70680	-0.72682	12.40000
2.86865	-0.72682	16.60000
3.03049	-0.72682	16.60000
3.19233	-0.72682	16.60000
3.35418	-0.72682	16.60000
-1.66296	-0.58063	15.90000
-1.50112	-0.58063	8.29000
-1.33927	-0.58063	4.84000
-1.17743	-0.58063	2.07000
-1.01559	-0.58063	2.76000
-0.85374	-0.58063	5.53000
-0.69190	-0.58063	9.67000
-0.53006	-0.58063	16.60000
-0.36822	-0.58063	16.60000
-0.20637	-0.58063	16.60000
-0.04453	-0.58063	16.60000
0.11732	-0.58063	16.60000
0.27916	-0.58063	16.60000
0.44100	-0.58063	16.60000
0.60284	-0.58063	16.60000
0.76469	-0.58063	16.60000
0.92653	-0.58063	16.60000
1.08837	-0.58063	16.60000
1.25022	-0.58063	16.60000
1.41206	-0.58063	16.60000
1.57390	-0.58063	13.80000
1.73575	-0.58063	13.10000
1.89759	-0.58063	11.10000
2.05943	-0.58063	9.67000
2.22128	-0.58063	7.60000
2.38312	-0.58063	9.67000
2.54496	-0.58063	11.10000
2.70680	-0.58063	13.80000
2.86865	-0.58063	16.60000
3.03049	-0.58063	16.60000
3.19233	-0.58063	16.60000
3.35418	-0.58063	16.60000
-1.66296	-0.43444	16.60000
-1.50112	-0.43444	13.10000
-1.33927	-0.43444	8.98000
-1.17743	-0.43444	5.53000
-1.01559	-0.43444	6.22000
-0.85374	-0.43444	8.98000
-0.69190	-0.43444	13.10000
-0.53006	-0.43444	16.60000
-0.36822	-0.43444	16.60000
-0.20637	-0.43444	16.60000
-0.04453	-0.43444	16.60000
0.11732	-0.43444	16.60000
0.27916	-0.43444	16.60000
0.44100	-0.43444	16.60000
0.60284	-0.43444	16.60000
0.76469	-0.43444	16.60000
0.92653	-0.43444	16.60000
1.08837	-0.43444	16.60000
1.25022	-0.43444	16.60000
1.41206	-0.43444	12.40000
1.57390	-0.43444	11.10000
1.73575	-0.43444	9.67000
1.89759	-0.43444	9.67000
2.05943	-0.43444	8.98000
2.22128	-0.43444	8.29000
2.38312	-0.43444	9.67000
2.54496	-0.43444	13.80000
2.70680	-0.43444	16.60000
2.86865	-0.43444	16.60000
3.03049	-0.43444	16.60000
3.19233	-0.43444	16.60000
3.35418	-0.43444	16.60000
-1.66296	-0.28825	16.60000
-1.50112	-0.28825	16.60000
-1.33927	-0.28825	11.10000
-1.17743	-0.28825	8.29000
-1.01559	-0.28825	7.60000
-0.85374	-0.28825	9.67000
-0.69190	-0.28825	12.40000
-0.53006	-0.28825	16.60000
-0.36822	-0.28825	16.60000
-0.20637	-0.28825	16.60000
-0.04453	-0.28825	16.60000
0.11732	-0.28825	16.60000
0.27916	-0.28825	16.60000
0.44100	-0.28825	16.60000
0.60284	-0.28825	16.60000
0.76469	-0.28825	16.60000
0.92653	-0.28825	16.60000
1.08837	-0.28825	16.60000
1.25022	-0.28825	15.90000
1.41206	-0.28825	10.40000
1.57390	-0.28825	12.40000
1.73575	-0.28825	10.40000
1.89759	-0.28825	11.70000
2.05943	-0.28825	9.67000
2.22128	-0.28825	10.40000
2.38312	-0.28825	11.10000
2.54496	-0.28825	16.60000
2.70680	-0.28825	16.60000
2.86865	-0.28825	16.60000
3.03049	-0.28825	16.60000
3.19233	-0.28825	16.60000
3.35418	-0.28825	16.60000
-1.66296	-0.14207	16.60000
-1.50112	-0.14207	16.60000
-1.33927	-0.14207	15.90000
-1.17743	-0.14207	8.29000
-1.01559	-0.14207	7.60000
-0.85374	-0.14207	8.29000
-0.69190	-0.14207	11.10000
-0.53006	-0.14207	16.60000
-0.36822	-0.14207	16.60000
-0.20637	-0.14207	16.60000
-0.04453	-0.14207	16.60000
0.11732	-0.14207	16.60000
0.27916	-0.14207	16.60000
0.44100	-0.14207	16.60000
0.60284	-0.14207	16.60000
0.76469	-0.14207	16.60000
0.92653	-0.14207	15.90000
1.08837	-0.14207	16.60000
1.25022	-0.14207	16.60000
1.41206	-0.14207	13.80000
1.57390	-0.14207	11.70000
1.73575	-0.14207	13.10000
1.89759	-0.14207	11.70000
2.05943	-0.14207	11.70000
2.22128	-0.14207	15.90000
2.38312	-0.14207	13.10000
2.54496	-0.14207	16.60000
2.70680	-0.14207	16.60000
2.86865	-0.14207	16.60000
3.03049	-0.14207	16.60000
3.19233	-0.14207	16.60000
3.35418	-0.14207	16.60000
-1.66296	0.00412	16.60000
-1.50112	0.00412	16.60000
-1.33927	0.00412	13.80000
-1.17743	0.00412	8.29000
-1.01559	0.00412	8.29000
-0.85374	0.00412	7.60000
-0.69190	0.00412	11.10000
-0.53006	0.00412	13.80000
-0.36822	0.00412	15.90000
-0.20637	0.00412	16.60000
-0.04453	0.00412	16.60000
0.11732	0.00412	16.60000
0.27916	0.00412	16.60000
0.44100	0.00412	16.60000
0.60284	0.00412	16.60000
0.76469	0.00412	16.60000
0.92653	0.00412	15.90000
1.08837	0.00412	13.10000
1.25022	0.00412	13.80000
1.41206	0.00412	12.40000
1.57390	0.00412	15.90000
1.73575	0.00412	15.90000
1.89759	0.00412	16.60000
2.05943	0.00412	16.60000
2.22128	0.00412	15.90000
2.38312	0.00412	16.60000
2.54496	0.00412	16.60000
2.70680	0.00412	16.60000
2.86865	0.00412	16.60000
3.03049	0.00412	16.60000
3.19233	0.00412	16.60000
3.35418	0.00412	16.60000
-1.66296	0.15031	16.60000
-1.50112	0.15031	13.10000
-1.33927	0.15031	11.10000
-1.17743	0.15031	8.29000
-1.01559	0.15031	6.22000
-0.85374	0.15031	7.60000
-0.69190	0.15031	10.40000
-0.53006	0.15031	13.10000
-0.36822	0.15031	16.60000
-0.20637	0.15031	16.60000
-0.04453	0.15031	16.60000
0.11732	0.15031	16.60000
0.27916	0.15031	16.60000
0.44100	0.15031	16.60000
0.60284	0.15031	16.60000
0.76469	0.15031	15.90000
0.92653	0.15031	11.10000
1.08837	0.15031	10.40000
1.25022	0.15031	16.60000
1.41206	0.15031	13.10000
1.57390	0.15031	15.90000
1.73575	0.15031	16.60000
1.89759	0.15031	16.60000
2.05943	0.15031	15.90000
2.22128	0.15031	16.60000
2.38312	0.15031	16.60000
2.54496	0.15031	16.60000
2.70680	0.15031	16.60000
2.86865	0.15031	16.60000
3.03049	0.15031	16.60000
3.19233	0.15031	16.60000
3.35418	0.15031	16.60000
-1.66296	0.29650	16.60000
-1.50112	0.29650	15.90000
-1.33927	0.29650	8.98000
-1.17743	0.29650	6.22000
-1.01559	0.29650	5.53000
-0.85374	0.29650	6.22000
-0.69190	0.29650	7.60000
-0.53006	0.29650	16.60000
-0.36822	0.29650	16.60000
-0.20637	0.29650	16.60000
-0.04453	0.29650	16.60000
0.11732	0.29650	16.60000
0.27916	0.29650	16.60000
0.44100	0.29650	16.60000
0.60284	0.29650	16.60000
0.76469	0.29650	13.80000
0.92653	0.29650	10.40000
1.08837	0.29650	12.40000
1.25022	0.29650	13.10000
1.41206	0.29650	13.10000
1.57390	0.29650	16.60000
1.73575	0.29650	16.60000
1.89759	0.29650	16.60000
2.05943	0.29650	16.60000
2.22128	0.29650	16.60000
2.38312	0.29650	16.60000
2.54496	0.29650	16.60000
2.70680	0.29650	16.60000
2.86865	0.29650	16.60000
3.03049	0.29650	16.60000
3.19233	0.29650	16.60000
3.35418	0.29650	16.60000
-1.66296	0.44268	13.80000
-1.50112	0.44268	10.40000
-1.33927	0.44268	7.60000
-1.17743	0.44268	6.22000
-1.01559	0.44268	5.53000
-0.85374	0.44268	6.22000
-0.69190	0.44268	9.67000
-0.53006	0.44268	16.60000
-0.36822	0.44268	15.90000
-0.20637	0.44268	16.60000
-0.04453	0.44268	15.90000
0.11732	0.44268	15.90000
0.27916	0.44268	15.90000
0.44100	0.44268	16.60000
0.60284	0.44268	16.60000
0.76469	0.44268	12.40000
0.92653	0.44268	11.10000
1.08837	0.44268	10.40000
1.25022	0.44268	16.60000
1.41206	0.44268	16.60000
1.57390	0.44268	16.60000
1.73575	0.44268	16.60000
1.89759	0.44268	16.60000
2.05943	0.44268	16.60000
2.22128	0.44268	16.60000
2.38312	0.44268	16.60000
2.54496	0.44268	16.60000
2.70680	0.44268	16.60000
2.86865	0.44268	16.60000
3.03049	0.44268	16.60000
3.19233	0.44268	16.60000
3.35418	0.44268	16.60000
-1.66296	0.58887	15.90000
-1.50112	0.58887	11.10000
-1.33927	0.58887	6.91000
-1.17743	0.58887	5.53000
-1.01559	0.58887	5.53000
-0.85374	0.58887	6.22000
-0.69190	0.58887	8.98000
-0.53006	0.58887	11.10000
-0.36822	0.58887	15.90000
-0.20637	0.58887	15.90000
-0.04453	0.58887	12.40000
0.11732	0.58887	11.10000
0.27916	0.58887	13.80000
0.44100	0.58887	15.90000
0.60284	0.58887	15.90000
0.76469	0.58887	15.90000
0.92653	0.58887	11.10000
1.08837	0.58887	10.40000
1.25022	0.58887	13.10000
1.41206	0.58887	13.10000
1.57390	0.58887	16.60000
1.73575	0.58887	16.60000
1.89759	0.58887	16.60000
2.05943	0.58887	16.60000
2.22128	0.58887	16.60000
2.38312	0.58887	16.60000
2.54496	0.58887	16.60000
2.70680	0.58887	16.60000
2.86865	0.58887	16.60000
3.03049	0.58887	16.60000
3.19233	0.58887	16.60000
3.35418	0.58887	16.60000
-1.66296	0.73506	16.60000
-1.50112	0.73506	15.90000
-1.33927	0.73506	9.67000
-1.17743	0.73506	6.91000
-1.01559	0.73506	6.22000
-0.85374	0.73506	6.22000
-0.69190	0.73506	6.22000
-0.53006	0.73506	9.67000
-0.36822	0.73506	10.40000
-0.20637	0.73506	9.67000
-0.04453	0.73506	9.67000
0.11732	0.73506	8.29000
0.27916	0.73506	8.29000
0.44100	0.73506	8.98000
0.60284	0.73506	11.10000
0.76469	0.73506	13.10000
0.92653	0.73506	11.10000
1.08837	0.73506	10.40000
1.25022	0.73506	13.10000
1.41206	0.73506	15.90000
1.57390	0.73506	16.60000
1.73575	0.73506	16.60000
1.89759	0.73506	16.60000
2.05943	0.73506	16.60000
2.22128	0.73506	16.60000
2.38312	0.73506	16.60000
2.54496	0.73506	16.60000
2.70680	0.73506	16.60000
2.86865	0.73506	16.60000
3.03049	0.73506	16.60000
3.19233	0.73506	16.60000
3.35418	0.73506	16.60000
-1.66296	0.88125	16.60000
-1.50112	0.88125	13.80000
-1.33927	0.88125	10.40000
-1.17743	0.88125	8.98000
-1.01559	0.88125	7.60000
-0.85374	0.88125	6.91000
-0.69190	0.88125	6.22000
-0.53006	0.88125	7.60000
-0.36822	0.88125	8.29000
-0.20637	0.88125	7.60000
-0.04453	0.88125	7.60000
0.11732	0.88125	6.91000
0.27916	0.88125	6.91000
0.44100	0.88125	6.91000
0.60284	0.88125	7.60000
0.76469	0.88125	8.98000
0.92653	0.88125	11.10000
1.08837	0.88125	13.80000
1.25022	0.88125	11.70000
1.41206	0.88125	11.10000
1.57390	0.88125	16.60000
1.73575	0.88125	16.60000
1.89759	0.88125	16.60000
2.05943	0.88125	16.60000
2.22128	0.88125	16.60000
2.38312	0.88125	16.60000
2.54496	0.88125	16.60000
2.70680	0.88125	16.60000
2.86865	0.88125	16.60000
3.03049	0.88125	16.60000
3.19233	0.88125	16.60000
3.35418	0.88125	16.60000
-1.66296	1.02743	16.60000
-1.50112	1.02743	13.80000
-1.33927	1.02743	10.40000
-1.17743	1.02743	8.98000
-1.01559	1.02743	8.29000
-0.85374	1.02743	6.91000
-0.69190	1.02743	6.91000
-0.53006	1.02743	8.29000
-0.36822	1.02743	6.22000
-0.20637	1.02743	5.53000
-0.04453	1.02743	4.84000
0.11732	1.02743	4.15000
0.27916	1.02743	4.84000
0.44100	1.02743	6.91000
0.60284	1.02743	6.91000
0.76469	1.02743	8.98000
0.92653	1.02743	11.70000
1.08837	1.02743	8.98000
1.25022	1.02743	8.98000
1.41206	1.02743	11.10000
1.57390	1.02743	15.90000
1.73575	1.02743	16.60000
1.89759	1.02743	16.60000
2.05943	1.02743	16.60000
2.22128	1.02743	16.60000
2.38312	1.02743	16.60000
2.54496	1.02743	16.60000
2.70680	1.02743	16.60000
2.86865	1.02743	16.60000
3.03049	1.02743	16.60000
3.19233	1.02743	16.60000
3.35418	1.02743	16.60000
-1.66296	1.17362	16.60000
-1.50112	1.17362	16.60000
-1.33927	1.17362	13.10000
-1.17743	1.17362	13.10000
-1.01559	1.17362	9.67000
-0.85374	1.17362	7.60000
-0.69190	1.17362	7.60000
-0.53006	1.17362	7.60000
-0.36822	1.17362	6.91000
-0.20637	1.17362	4.84000
-0.04453	1.17362	4.15000
0.11732	1.17362	3.45000
0.27916	1.17362	4.84000
0.44100	1.17362	6.91000
0.60284	1.17362	7.60000
0.76469	1.17362	8.98000
0.92653	1.17362	6.91000
1.08837	1.17362	6.91000
1.25022	1.17362	7.60000
1.41206	1.17362	8.29000
1.57390	1.17362	11.10000
1.73575	1.17362	15.90000
1.89759	1.17362	16.60000
2.05943	1.17362	16.60000
2.22128	1.17362	16.60000
2.38312	1.17362	16.60000
2.54496	1.17362	16.60000
2.70680	1.17362	16.60000
2.86865	1.17362	16.60000
3.03049	1.17362	16.60000
3.19233	1.17362	16.60000
3.35418	1.17362	16.60000
-1.66296	1.31981	16.60000
-1.50112	1.31981	16.60000
-1.33927	1.31981	15.90000
-1.17743	1.31981	12.40000
-1.01559	1.31981	8.98000
-0.85374	1.31981	9.67000
-0.69190	1.31981	8.98000
-0.53006	1.31981	8.98000
-0.36822	1.31981	7.60000
-0.20637	1.31981	6.22000
-0.04453	1.31981	4.84000
0.11732	1.31981	4.15000
0.27916	1.31981	6.22000
0.44100	1.31981	6.91000
0.60284	1.31981	7.60000
0.76469	1.31981	6.91000
0.92653	1.31981	6.22000
1.08837	1.31981	4.84000
1.25022	1.31981	4.84000
1.41206	1.31981	6.22000
1.57390	1.31981	8.98000
1.73575	1.31981	13.10000
1.89759	1.31981	16.60000
2.05943	1.31981	16.60000
2.22128	1.31981	16.60000
2.38312	1.31981	16.60000
2.54496	1.31981	16.60000
2.70680	1.31981	16.60000
2.86865	1.31981	16.60000
3.03049	1.31981	16.60000
3.19233	1.31981	16.60000
3.35418	1.31981	16.60000
-1.66296	1.46600	16.60000
-1.50112	1.46600	16.60000
-1.33927	1.46600	16.60000
-1.17743	1.46600	13.10000
-1.01559	1.46600	12.40000
-0.85374	1.46600	12.40000
-0.69190	1.46600	16.60000
-0.53006	1.46600	13.80000
-0.36822	1.46600	10.40000
-0.20637	1.46600	8.29000
-0.04453	1.46600	8.98000
0.11732	1.46600	6.91000
0.27916	1.46600	7.60000
0.44100	1.46600	7.60000
0.60284	1.46600	7.60000
0.76469	1.46600	7.60000
0.92653	1.46600	6.91000
1.08837	1.46600	4.84000
1.25022	1.46600	3.45000
1.41206	1.46600	5.53000
1.57390	1.46600	9.67000
1.73575	1.46600	13.10000
1.89759	1.46600	16.60000
2.05943	1.46600	16.60000
2.22128	1.46600	16.60000
2.38312	1.46600	16.60000
2.54496	1.46600	16.60000
2.70680	1.46600	16.60000
2.86865	1.46600	16.60000
3.03049	1.46600	16.60000
3.19233	1.46600	16.60000
3.35418	1.46600	16.60000
-1.66296	1.61219	16.60000
-1.50112	1.61219	16.60000
-1.33927	1.61219	16.60000
-1.17743	1.61219	16.60000
-1.01559	1.61219	15.90000
-0.85374	1.61219	16.60000
-0.69190	1.61219	16.60000
-0.53006	1.61219	16.60000
-0.36822	1.61219	13.80000
-0.20637	1.61219	16.60000
-0.04453	1.61219	13.10000
0.11732	1.61219	12.40000
0.27916	1.61219	11.10000
0.44100	1.61219	13.80000
0.60284	1.61219	10.40000
0.76469	1.61219	9.67000
0.92653	1.61219	8.29000
1.08837	1.61219	5.53000
1.25022	1.61219	5.53000
1.41206	1.61219	6.22000
1.57390	1.61219	10.40000
1.73575	1.61219	15.90000
1.89759	1.61219	16.60000
2.05943	1.61219	16.60000
2.22128	1.61219	16.60000
2.38312	1.61219	16.60000
2.54496	1.61219	16.60000
2.70680	1.61219	16.60000
2.86865	1.61219	16.60000
3.03049	1.61219	16.60000
3.19233	1.61219	16.60000
3.35418	1.61219	16.60000
-1.66296	1.75837	16.60000
-1.50112	1.75837	16.60000
-1.33927	1.75837	16.60000
-1.17743	1.75837	16.60000
-1.01559	1.75837	16.60000
-0.85374	1.75837	16.60000
-0.69190	1.75837	16.60000
-0.53006	1.75837	16.60000
-0.36822	1.75837	16.60000
-0.20637	1.75837	16.60000
-0.04453	1.75837	16.60000
0.11732	1.75837	16.60000
0.27916	1.75837	16.60000
0.44100	1.75837	15.90000
0.60284	1.75837	16.60000
0.76469	1.75837	13.80000
0.92653	1.75837	11.10000
1.08837	1.75837	8.98000
1.25022	1.75837	8.98000
1.41206	1.75837	9.67000
1.57390	1.75837	15.90000
1.73575	1.75837	16.60000
1.89759	1.75837	16.60000
2.05943	1.75837	16.60000
2.22128	1.75837	16.60000
2.38312	1.75837	16.60000
2.54496	1.75837	16.60000
2.70680	1.75837	16.60000
2.86865	1.75837	16.60000
3.03049	1.75837	16.60000
3.19233	1.75837	16.60000
3.35418	1.75837	16.60000
-1.66296	1.90456	16.60000
-1.50112	1.90456	16.60000
-1.33927	1.90456	16.60000
-1.17743	1.90456	16.60000
-1.01559	1.90456	16.60000
-0.85374	1.90456	16.60000
-0.69190	1.90456	16.60000
-0.53006	1.90456	16.60000
-0.36822	1.90456	16.60000
-0.20637	1.90456	16.60000
-0.04453	1.90456	16.60000
0.11732	1.90456	16.60000
0.27916	1.90456	16.60000
0.44100	1.90456	16.60000
0.60284	1.90456	16.60000
0.76469	1.90456	15.90000
0.92653	1.90456	16.60000
1.08837	1.90456	15.90000
1.25022	1.90456	16.60000
1.41206	1.90456	15.90000
1.57390	1.90456	16.60000
1.73575	1.90456	16.60000
1.89759	1.90456	16.60000
2.05943	1.90456	16.60000
2.22128	1.90456	16.60000
2.38312	1.90456	16.60000
2.54496	1.90456	16.60000
2.70680	1.90456	16.60000
2.86865	1.90456	16.60000
3.03049	1.90456	16.60000
3.19233	1.90456	16.60000
3.35418	1.90456	16.60000
